0.99 0.98 0.99 0.98 0.99 0.99 0.99 0.98 0.99 0 0 0 0 0 0 0.99 0.99 0 0.98 0.99 0 0 0 0 0.99 0.98 0 0.99 0.99 0.99 0 0 0 0 0.98 0.99 0.99 0.99 0.99 0 0.99 0.98 0.99 0.98 0 0 0 0 0.99 0.99 0.99 0 0 0 0 0 0 0 0 0 0 0 0 0 0 0 0 0 0 0 0 0 0 0 0 0 0 0 0 0 0 0 0 0 0 0 0 0 0 0 0 0 0 0 0 0 0 0 0 0 0 0 0 0 0 0 0 0 0.99 0.99 0.99 0.99 0.99 0 0 0.99 0.99 0.99 0.99 0 0.96 0.96 0.97 0.98 0.98 0.99 0.99 0 0 0 0 0 0 0 0 0.99 0.99 0.91 0 0.9 0.93 0.92 0 0 0 0 0 0 0 0 0 0 0 0 0 0 0 0 0 0 0 0 0 0 0 0 0 0 0 0.96 0.96 0.95 0 0.95 0.95 0.96 0.97 
1.0 1.0 1.0 1.0 1.0 1.0 1.0 1.0 1.0 0 0 0 0 0 0 1.0 1.0 0 1.0 1.0 0 0 0 0 1.0 1.0 0 1.0 1.0 1.0 0 0 0 0 1.0 1.0 1.0 1.0 1.0 0 1.0 1.0 1.0 1.0 0 0 1.0 1.0 1.0 1.0 1.0 0 0 0 0 0 0 0 0 1.0 1.0 1.0 1.0 0 1.0 0 0 0 0 0 1.0 0 0 1.0 1.0 1.0 1.0 1.0 0 0 0 0 0 0 0 0 0 0 0 0 0 0 0 0 0 0 0 0 0 0 0 0 0 0 0 0 0 0 1.0 1.0 1.0 1.0 1.0 0 0 1.0 1.0 1.0 1.0 1.0 0.98 0.99 0.99 1.0 1.0 1.0 1.0 0 0 0 0 0 0 0 0 1.0 1.0 0.92 0 0.92 0.9 0.92 1.0 1.0 1.0 1.0 1.0 1.0 1.0 1.0 1.0 1.0 1.0 0 1.0 1.0 0 1.0 1.0 1.0 1.0 1.0 1.0 1.0 1.0 1.0 1.0 1.0 1.0 0.98 0.99 0.99 0 0.99 0.98 0.98 0.98 
1.0 1.0 1.0 1.0 1.0 1.0 1.0 1.0 1.0 0 0 0 0 0 0 1.0 1.0 0 1.0 1.0 0 0 0 0 1.0 1.0 0 1.0 1.0 1.0 0 0 0 0 1.0 1.0 1.0 1.0 1.0 0 1.0 1.0 1.0 1.0 0 0 1.0 1.0 1.0 1.0 1.0 0 0 0 0 0 0 0 0 1.0 1.0 1.0 1.0 0 1.0 0 0 0 0 0 1.0 0 0 1.0 1.0 1.0 1.0 1.0 0 0 0 0 0 0 0 0 0 0 0 0 0 0 0 0 0 0 0 0 0 0 0 0 0 0 0 0 0 0 1.0 1.0 1.0 1.0 1.0 0 0 1.0 1.0 1.0 1.0 1.0 0.96 0.97 0.97 1.0 1.0 1.0 1.0 0 0 0 0 0 0 0 0 1.0 1.0 0.86 0 0.88 0.88 0.86 1.0 1.0 1.0 1.0 1.0 1.0 1.0 1.0 1.0 1.0 1.0 0 1.0 1.0 0 1.0 1.0 1.0 1.0 1.0 1.0 1.0 1.0 1.0 1.0 1.0 1.0 0.96 0.97 0.98 0 0.96 0.96 0.94 0.98 
1.0 1.0 1.0 1.0 1.0 1.0 1.0 1.0 1.0 0 0 0 0 0 0 1.0 1.0 0 1.0 1.0 0 0 0 0 1.0 1.0 0 1.0 1.0 1.0 0 0 0 0 1.0 1.0 1.0 1.0 1.0 0 1.0 1.0 1.0 1.0 0 0 1.0 1.0 1.0 1.0 1.0 0 0 0 0 0 0 0 0 1.0 1.0 1.0 1.0 0 1.0 0 0 0 0 0 1.0 0 0 1.0 1.0 1.0 1.0 1.0 0 0 0 0 0 0 0 0 0 0 0 0 0 0 0 0 0 0 0 0 0 0 0 0 0 0 0 0 0 0 1.0 1.0 1.0 1.0 1.0 0 0 1.0 1.0 1.0 1.0 1.0 0.98 0.98 0.98 1.0 1.0 1.0 1.0 0 0 0 0 0 0 0 0 1.0 1.0 0.89 0 0.88 0.88 0.89 1.0 1.0 1.0 1.0 1.0 1.0 1.0 1.0 1.0 1.0 1.0 0 1.0 1.0 0 1.0 1.0 1.0 1.0 1.0 1.0 1.0 1.0 1.0 1.0 1.0 1.0 0.99 0.97 0.98 0 0.99 0.99 0.98 0.98 
1.0 1.0 1.0 1.0 1.0 1.0 1.0 1.0 1.0 0 0 0 0 0 0 1.0 1.0 0 1.0 1.0 0 0 0 0 1.0 1.0 0 1.0 1.0 1.0 0 0 0 0 1.0 1.0 1.0 1.0 1.0 0 1.0 1.0 1.0 1.0 0 0 0 0 1.0 1.0 1.0 0 0 0 0 0 0 0 0 0 0 0 0 0 0 0 0 0 0 0 0 0 0 0 0 0 0 0 0 0 0 0 0 0 0 0 0 0 0 0 0 0 0 0 0 0 0 0 0 0 0 0 0 0 0 0 0 0 1.0 1.0 1.0 1.0 1.0 0 0 1.0 1.0 1.0 1.0 0 0.99 0.98 0.99 1.0 1.0 1.0 1.0 0 0 0 0 0 0 0 0 1.0 1.0 0.97 0 0.96 0.98 0.97 0.52 0 0 0 0 0 0 0 0 0 0 0 0 0 0 0 0 0 0 0 0 0 0 0 0 0.51 0 0.99 0.99 0.99 0 0.99 0.98 0.99 0.99 
1.0 0.99 1.0 1.0 1.0 1.0 1.0 1.0 1.0 0 0 0 0 0 0 1.0 1.0 0 1.0 1.0 0 0 0 0 1.0 1.0 0 1.0 1.0 1.0 0 0 0 0 1.0 1.0 1.0 0.99 1.0 0 1.0 1.0 1.0 1.0 0 0 0.98 0.98 1.0 1.0 1.0 0 0 0 0 0 0 0 0 0.97 0.99 0.98 0.98 0 0.97 0 0 0 0 0 0.99 0 0 0.98 0.99 0.97 0.98 0.98 0 0 0 0 0 0 0 0 0 0 0 0 0 0 0 0 0 0 0 0 0 0 0 0 0 0 0 0 0 0 1.0 1.0 1.0 1.0 1.0 0 0 1.0 1.0 1.0 1.0 0.97 0.94 0.92 0.92 1.0 0.99 1.0 1.0 0 0 0 0 0 0 0 0 1.0 1.0 0.8 0 0.81 0.82 0.79 0.98 0.97 0.97 0.98 0.98 0.97 0.97 0.98 0.97 0.97 0.98 0 0.98 0.98 0 0.98 0.97 0.97 0.97 0.97 0.98 0.98 0.98 0.97 0.98 0.98 0.97 0.94 0.92 0.94 0 0.92 0.93 0.92 0.94 
1.0 1.0 1.0 1.0 1.0 1.0 1.0 1.0 1.0 0 0 0 0 0 0 1.0 1.0 0 1.0 1.0 0 0 0 0 1.0 1.0 0 1.0 1.0 1.0 0 0 0 0 1.0 1.0 1.0 1.0 1.0 0 1.0 1.0 1.0 1.0 0 0 0.99 0.99 1.0 1.0 1.0 0 0 0 0 0 0 0 0 0.99 0.99 0.99 1.0 0 0.99 0 0 0 0 0 1.0 0 0 0.99 0.99 0.99 0.99 0.99 0 0 0 0 0 0 0 0 0 0 0 0 0 0 0 0 0 0 0 0 0 0 0 0 0 0 0 0 0 0 1.0 1.0 1.0 1.0 1.0 0 0 1.0 1.0 1.0 1.0 0.99 0.94 0.95 0.96 1.0 1.0 1.0 1.0 0 0 0 0 0 0 0 0 1.0 1.0 0.86 0 0.89 0.88 0.87 0.99 0.99 0.99 0.99 0.99 0.99 0.99 0.99 0.99 0.99 0.99 0 0.99 1.0 0 0.99 0.99 0.99 0.98 0.99 1.0 0.99 0.99 0.99 1.0 0.99 0.99 0.95 0.94 0.96 0 0.91 0.94 0.95 0.94 
1.0 1.0 1.0 1.0 1.0 1.0 1.0 1.0 1.0 0 0 0 0 0 0 1.0 1.0 0 1.0 1.0 0 0 0 0 1.0 1.0 0 1.0 1.0 1.0 0 0 0 0 1.0 1.0 1.0 1.0 1.0 0 1.0 1.0 1.0 1.0 0 0 1.0 1.0 1.0 1.0 1.0 0 0 0 0 0 0 0 0 1.0 1.0 1.0 1.0 0 1.0 0 0 0 0 0 1.0 0 0 1.0 1.0 1.0 1.0 1.0 0 0 0 0 0 0 0 0 0 0 0 0 0 0 0 0 0 0 0 0 0 0 0 0 0 0 0 0 0 0 1.0 1.0 1.0 1.0 1.0 0 0 1.0 1.0 1.0 1.0 1.0 0.99 0.99 0.99 1.0 1.0 1.0 1.0 0 0 0 0 0 0 0 0 1.0 1.0 0.91 0 0.91 0.91 0.92 1.0 1.0 1.0 1.0 1.0 1.0 1.0 1.0 1.0 1.0 1.0 0 1.0 1.0 0 1.0 1.0 1.0 1.0 1.0 1.0 1.0 1.0 1.0 1.0 1.0 1.0 0.99 0.99 0.98 0 0.99 0.99 0.99 0.99 
1.0 1.0 1.0 1.0 1.0 1.0 1.0 1.0 1.0 0 0 0 0 0 0 1.0 1.0 0 1.0 1.0 0 0 0 0 1.0 1.0 0 1.0 1.0 1.0 0 0 0 0 1.0 1.0 1.0 1.0 1.0 0 1.0 1.0 1.0 1.0 0 0 1.0 1.0 1.0 1.0 1.0 0 0 0 0 0 0 0 0 1.0 1.0 1.0 1.0 0 1.0 0 0 0 0 0 1.0 0 0 1.0 1.0 1.0 1.0 1.0 0 0 0 0 0 0 0 0 0 0 0 0 0 0 0 0 0 0 0 0 0 0 0 0 0 0 0 0 0 0 1.0 1.0 1.0 1.0 1.0 0 0 1.0 1.0 1.0 1.0 1.0 0.95 0.96 0.95 1.0 1.0 1.0 1.0 0 0 0 0 0 0 0 0 1.0 1.0 0.81 0 0.78 0.79 0.8 1.0 1.0 1.0 1.0 1.0 1.0 1.0 1.0 1.0 1.0 1.0 0 1.0 1.0 0 1.0 1.0 1.0 1.0 1.0 1.0 1.0 1.0 1.0 1.0 1.0 1.0 0.95 0.95 0.93 0 0.94 0.95 0.94 0.94 
1.0 1.0 1.0 1.0 1.0 1.0 1.0 1.0 1.0 0 0 0 0 0 0 1.0 1.0 0 1.0 1.0 0 0 0 0 1.0 1.0 0 1.0 1.0 1.0 0 0 0 0 1.0 1.0 1.0 1.0 1.0 0 1.0 1.0 1.0 1.0 0 0 1.0 1.0 1.0 1.0 1.0 0 0 0 0 0 0 0 0 1.0 1.0 1.0 1.0 0 1.0 0 0 0 0 0 1.0 0 0 1.0 1.0 1.0 1.0 1.0 0 0 0 0 0 0 0 0 0 0 0 0 0 0 0 0 0 0 0 0 0 0 0 0 0 0 0 0 0 0 1.0 1.0 1.0 1.0 1.0 0 0 1.0 1.0 1.0 1.0 1.0 0.94 0.95 0.97 1.0 1.0 1.0 1.0 0 0 0 0 0 0 0 0 1.0 1.0 0.8 0 0.84 0.82 0.82 1.0 1.0 1.0 1.0 1.0 1.0 1.0 1.0 1.0 1.0 1.0 0 1.0 1.0 0 1.0 1.0 1.0 1.0 1.0 1.0 1.0 1.0 1.0 1.0 1.0 1.0 0.94 0.94 0.95 0 0.95 0.95 0.93 0.96 
0.99 0.98 1.0 0.99 0.99 0.99 0.99 0.99 0.99 0 0 0 0 0 0 1.0 0.99 0 0.99 0.99 0 0 0 0 0.99 0.99 0 0.99 0.99 0.99 0 0 0 0 0.99 0.99 0.98 0.99 0.99 0 0.99 0.99 0.99 0.99 0 0 0.98 0.98 0.99 0.99 0.99 0 0 0 0 0 0 0 0 0.98 0.99 0.98 0.99 0 0.98 0 0 0 0 0 0.98 0 0 0.99 0.99 0.99 0.99 0.98 0 0 0 0 0 0 0 0 0 0 0 0 0 0 0 0 0 0 0 0 0 0 0 0 0 0 0 0 0 0 0.99 0.99 0.99 0.99 0.99 0 0 0.99 0.99 0.99 0.99 0.98 0.89 0.84 0.89 0.99 0.99 0.99 0.99 0 0 0 0 0 0 0 0 0.99 0.99 0.76 0 0.67 0.69 0.74 0.98 0.98 0.98 0.99 0.98 0.99 0.97 0.99 0.99 0.98 0.98 0 0.99 0.98 0 0.98 0.99 0.99 0.99 0.98 0.99 0.98 0.99 0.99 0.98 0.99 0.98 0.85 0.86 0.9 0 0.85 0.91 0.87 0.88 
1.0 1.0 1.0 1.0 1.0 1.0 1.0 1.0 1.0 0 0 0 0 0 0 1.0 1.0 0 1.0 1.0 0 0 0 0 1.0 1.0 0 1.0 1.0 1.0 0 0 0 0 1.0 1.0 1.0 1.0 1.0 0 1.0 1.0 1.0 1.0 0 0 1.0 1.0 1.0 1.0 1.0 0 0 0 0 0 0 0 0 1.0 1.0 1.0 1.0 0 1.0 0 0 0 0 0 1.0 0 0 1.0 1.0 1.0 1.0 1.0 0 0 0 0 0 0 0 0 0 0 0 0 0 0 0 0 0 0 0 0 0 0 0 0 0 0 0 0 0 0 1.0 1.0 1.0 1.0 1.0 0 0 1.0 1.0 1.0 1.0 1.0 0.98 0.98 0.97 1.0 1.0 1.0 1.0 0 0 0 0 0 0 0 0 1.0 1.0 0.92 0 0.91 0.91 0.92 1.0 1.0 1.0 1.0 1.0 1.0 1.0 1.0 1.0 1.0 1.0 0 1.0 1.0 0 1.0 1.0 1.0 1.0 1.0 1.0 1.0 1.0 1.0 1.0 1.0 1.0 0.98 0.98 0.98 0 0.98 0.97 0.98 0.98 
1.0 1.0 1.0 1.0 1.0 1.0 1.0 1.0 1.0 0 0 0 0 0 0 1.0 1.0 0 1.0 1.0 0 0 0 0 1.0 1.0 0 1.0 1.0 1.0 0 0 0 0 1.0 1.0 1.0 1.0 1.0 0 1.0 1.0 1.0 1.0 0 0 1.0 1.0 1.0 1.0 1.0 0 0 0 0 0 0 0 0 1.0 1.0 1.0 1.0 0 1.0 0 0 0 0 0 1.0 0 0 1.0 1.0 1.0 1.0 1.0 0 0 0 0 0 0 0 0 0 0 0 0 0 0 0 0 0 0 0 0 0 0 0 0 0 0 0 0 0 0 1.0 1.0 1.0 1.0 1.0 0 0 1.0 1.0 1.0 1.0 1.0 0.95 0.97 0.97 1.0 1.0 1.0 1.0 0 0 0 0 0 0 0 0 1.0 1.0 0.83 0 0.84 0.86 0.85 1.0 1.0 1.0 1.0 1.0 1.0 1.0 1.0 1.0 1.0 1.0 0 1.0 1.0 0 1.0 1.0 1.0 1.0 1.0 1.0 1.0 1.0 1.0 1.0 1.0 1.0 0.96 0.96 0.95 0 0.96 0.96 0.95 0.94 
0.98 0.98 0.99 0.98 0.99 0.99 0.99 0.99 0.98 0 0 0 0 0 0 0.99 0.98 0 0.97 0.99 0 0 0 0 0.98 0.98 0 0.99 0.98 0.98 0 0 0 0 0.98 0.98 0.99 0.99 0.99 0 0.98 0.98 0.99 0.99 0 0 0.82 0.74 0.99 0.99 0.98 0 0 0 0 0 0 0 0 0.75 0.81 0.82 0.83 0 0.84 0 0 0 0 0 0.8 0 0 0.83 0.81 0.75 0.78 0.81 0 0 0 0 0 0 0 0 0 0 0 0 0 0 0 0 0 0 0 0 0 0 0 0 0 0 0 0 0 0 0.98 0.99 0.99 0.99 0.98 0 0 0.99 0.98 0.99 0.99 0.76 0.91 0.91 0.95 0.98 0.97 0.98 0.98 0 0 0 0 0 0 0 0 0.99 0.98 0.85 0 0.83 0.86 0.86 0.79 0.76 0.81 0.78 0.82 0.82 0.76 0.78 0.77 0.83 0.75 0 0.84 0.83 0 0.83 0.82 0.83 0.81 0.82 0.81 0.81 0.78 0.82 0.78 0.83 0.82 0.9 0.93 0.92 0 0.89 0.91 0.9 0.95 
1.0 1.0 1.0 1.0 1.0 1.0 1.0 1.0 1.0 0 0 0 0 0 0 1.0 1.0 0 1.0 1.0 0 0 0 0 1.0 1.0 0 1.0 1.0 1.0 0 0 0 0 1.0 1.0 1.0 1.0 1.0 0 1.0 1.0 1.0 1.0 0 0 1.0 1.0 1.0 1.0 1.0 0 0 0 0 0 0 0 0 1.0 1.0 1.0 1.0 0 1.0 0 0 0 0 0 1.0 0 0 1.0 1.0 1.0 1.0 1.0 0 0 0 0 0 0 0 0 0 0 0 0 0 0 0 0 0 0 0 0 0 0 0 0 0 0 0 0 0 0 1.0 1.0 1.0 1.0 1.0 0 0 1.0 1.0 1.0 1.0 1.0 0.98 0.98 0.97 1.0 1.0 1.0 1.0 0 0 0 0 0 0 0 0 1.0 1.0 0.85 0 0.84 0.87 0.85 1.0 1.0 1.0 1.0 1.0 1.0 1.0 1.0 1.0 1.0 1.0 0 1.0 1.0 0 1.0 1.0 1.0 1.0 1.0 1.0 1.0 1.0 1.0 1.0 1.0 1.0 0.98 0.97 0.96 0 0.96 0.97 0.97 0.97 
0.99 0.99 0.99 0.99 0.99 0.99 0.99 0.99 0.99 0 0 0 0 0 0 0.99 0.99 0 0.99 0.99 0 0 0 0 0.99 0.99 0 0.99 0.99 0.99 0 0 0 0 0.99 0.99 0.99 0.99 0.99 0 0.99 0.99 0.99 0.99 0 0 0.94 0.95 0.99 0.99 0.99 0 0 0 0 0 0 0 0 0.94 0.94 0.93 0.93 0 0.93 0 0 0 0 0 0.95 0 0 0.94 0.94 0.96 0.95 0.94 0 0 0 0 0 0 0 0 0 0 0 0 0 0 0 0 0 0 0 0 0 0 0 0 0 0 0 0 0 0 0.99 0.99 0.99 0.99 0.99 0 0 0.99 0.99 0.99 0.99 0.95 0.91 0.93 0.91 0.99 0.99 0.99 0.99 0 0 0 0 0 0 0 0 0.99 0.99 0.83 0 0.78 0.82 0.83 0.95 0.96 0.93 0.96 0.93 0.92 0.94 0.94 0.96 0.92 0.95 0 0.94 0.92 0 0.93 0.96 0.94 0.95 0.92 0.94 0.93 0.95 0.94 0.95 0.94 0.94 0.93 0.91 0.92 0 0.91 0.92 0.92 0.9 
1.0 1.0 1.0 1.0 1.0 1.0 1.0 1.0 1.0 0 0 0 0 0 0 1.0 1.0 0 1.0 1.0 0 0 0 0 1.0 1.0 0 1.0 1.0 1.0 0 0 0 0 1.0 1.0 1.0 1.0 1.0 0 1.0 1.0 1.0 1.0 0 0 1.0 1.0 1.0 1.0 1.0 0 0 0 0 0 0 0 0 1.0 1.0 1.0 1.0 0 1.0 0 0 0 0 0 1.0 0 0 1.0 1.0 1.0 1.0 1.0 0 0 0 0 0 0 0 0 0 0 0 0 0 0 0 0 0 0 0 0 0 0 0 0 0 0 0 0 0 0 1.0 1.0 1.0 1.0 1.0 0 0 1.0 1.0 1.0 1.0 1.0 0.97 0.98 0.98 1.0 1.0 1.0 1.0 0 0 0 0 0 0 0 0 1.0 1.0 0.92 0 0.9 0.91 0.91 1.0 1.0 1.0 1.0 1.0 1.0 1.0 1.0 1.0 1.0 1.0 0 1.0 1.0 0 1.0 1.0 1.0 1.0 1.0 1.0 1.0 1.0 1.0 1.0 1.0 1.0 0.97 0.98 0.98 0 0.97 0.97 0.98 0.97 
1.0 1.0 1.0 1.0 1.0 1.0 1.0 1.0 1.0 0 0 0 0 0 0 1.0 1.0 0 1.0 1.0 0 0 0 0 1.0 1.0 0 1.0 1.0 1.0 0 0 0 0 1.0 1.0 1.0 1.0 1.0 0 1.0 1.0 1.0 1.0 0 0 1.0 1.0 1.0 1.0 1.0 0 0 0 0 0 0 0 0 1.0 1.0 1.0 1.0 0 1.0 0 0 0 0 0 1.0 0 0 1.0 1.0 1.0 1.0 1.0 0 0 0 0 0 0 0 0 0 0 0 0 0 0 0 0 0 0 0 0 0 0 0 0 0 0 0 0 0 0 1.0 1.0 1.0 1.0 1.0 0 0 1.0 1.0 1.0 1.0 1.0 0.99 0.98 0.98 1.0 1.0 1.0 1.0 0 0 0 0 0 0 0 0 1.0 1.0 0.91 0 0.92 0.92 0.92 1.0 1.0 1.0 1.0 1.0 1.0 1.0 1.0 1.0 1.0 1.0 0 1.0 1.0 0 1.0 1.0 1.0 1.0 1.0 1.0 1.0 1.0 1.0 1.0 1.0 1.0 0.98 0.98 0.99 0 0.98 0.99 0.98 0.99 
1.0 1.0 1.0 1.0 1.0 1.0 1.0 1.0 1.0 0 0 0 0 0 0 1.0 1.0 0 1.0 1.0 0 0 0 0 1.0 1.0 0 1.0 1.0 1.0 0 0 0 0 1.0 1.0 1.0 1.0 1.0 0 1.0 1.0 1.0 1.0 0 0 1.0 1.0 1.0 1.0 1.0 0 0 0 0 0 0 0 0 1.0 1.0 1.0 1.0 0 1.0 0 0 0 0 0 1.0 0 0 1.0 1.0 1.0 1.0 1.0 0 0 0 0 0 0 0 0 0 0 0 0 0 0 0 0 0 0 0 0 0 0 0 0 0 0 0 0 0 0 1.0 1.0 1.0 1.0 1.0 0 0 1.0 1.0 1.0 1.0 1.0 0.96 0.98 0.96 1.0 1.0 1.0 1.0 0 0 0 0 0 0 0 0 1.0 1.0 0.89 0 0.88 0.89 0.9 1.0 1.0 1.0 1.0 1.0 1.0 1.0 1.0 1.0 1.0 1.0 0 1.0 1.0 0 1.0 1.0 1.0 1.0 1.0 1.0 1.0 1.0 1.0 1.0 1.0 1.0 0.97 0.97 0.97 0 0.98 0.97 0.98 0.97 
1.0 1.0 1.0 1.0 1.0 1.0 1.0 1.0 1.0 0 0 0 0 0 0 1.0 1.0 0 1.0 1.0 0 0 0 0 1.0 1.0 0 1.0 1.0 1.0 0 0 0 0 1.0 1.0 1.0 1.0 1.0 0 1.0 1.0 1.0 1.0 0 0 1.0 1.0 1.0 1.0 1.0 0 0 0 0 0 0 0 0 1.0 1.0 1.0 1.0 0 1.0 0 0 0 0 0 1.0 0 0 1.0 1.0 1.0 1.0 1.0 0 0 0 0 0 0 0 0 0 0 0 0 0 0 0 0 0 0 0 0 0 0 0 0 0 0 0 0 0 0 1.0 1.0 1.0 1.0 1.0 0 0 1.0 1.0 1.0 1.0 1.0 0.98 0.98 0.98 1.0 1.0 1.0 1.0 0 0 0 0 0 0 0 0 1.0 1.0 0.88 0 0.88 0.9 0.9 1.0 1.0 1.0 1.0 1.0 1.0 1.0 1.0 1.0 1.0 1.0 0 1.0 1.0 0 1.0 1.0 1.0 1.0 1.0 1.0 1.0 1.0 1.0 1.0 1.0 1.0 0.99 0.98 0.98 0 0.98 0.98 0.98 0.98 
1.0 1.0 1.0 1.0 1.0 1.0 1.0 1.0 1.0 0 0 0 0 0 0 1.0 1.0 0 1.0 1.0 0 0 0 0 1.0 1.0 0 1.0 1.0 1.0 0 0 0 0 1.0 1.0 1.0 1.0 1.0 0 1.0 1.0 1.0 1.0 0 0 1.0 1.0 1.0 1.0 1.0 0 0 0 0 0 0 0 0 1.0 1.0 1.0 1.0 0 1.0 0 0 0 0 0 1.0 0 0 1.0 1.0 1.0 1.0 1.0 0 0 0 0 0 0 0 0 0 0 0 0 0 0 0 0 0 0 0 0 0 0 0 0 0 0 0 0 0 0 1.0 1.0 1.0 1.0 1.0 0 0 1.0 1.0 1.0 1.0 1.0 0.98 0.99 0.98 1.0 1.0 1.0 1.0 0 0 0 0 0 0 0 0 1.0 1.0 0.9 0 0.9 0.88 0.88 1.0 1.0 1.0 1.0 1.0 1.0 1.0 1.0 1.0 1.0 1.0 0 1.0 1.0 0 1.0 1.0 1.0 1.0 1.0 1.0 1.0 1.0 1.0 1.0 1.0 1.0 0.98 0.98 0.99 0 0.97 0.98 0.98 0.98 
1.0 1.0 1.0 1.0 1.0 1.0 1.0 1.0 1.0 0 0 0 0 0 0 1.0 1.0 0 1.0 1.0 0 0 0 0 1.0 1.0 0 1.0 1.0 1.0 0 0 0 0 1.0 1.0 1.0 1.0 1.0 0 1.0 1.0 1.0 1.0 0 0 1.0 1.0 1.0 1.0 1.0 0 0 0 0 0 0 0 0 1.0 1.0 1.0 1.0 0 1.0 0 0 0 0 0 1.0 0 0 1.0 1.0 1.0 1.0 1.0 0 0 0 0 0 0 0 0 0 0 0 0 0 0 0 0 0 0 0 0 0 0 0 0 0 0 0 0 0 0 1.0 1.0 1.0 1.0 1.0 0 0 1.0 1.0 1.0 1.0 1.0 0.96 0.97 0.96 1.0 1.0 1.0 1.0 0 0 0 0 0 0 0 0 1.0 1.0 0.88 0 0.89 0.9 0.9 1.0 1.0 1.0 1.0 1.0 1.0 1.0 1.0 1.0 1.0 1.0 0 1.0 1.0 0 1.0 1.0 1.0 1.0 1.0 1.0 1.0 1.0 1.0 1.0 1.0 1.0 0.97 0.97 0.97 0 0.97 0.96 0.97 0.97 
0.99 1.0 1.0 0.99 1.0 1.0 1.0 1.0 1.0 0 0 0 0 0 0 1.0 1.0 0 0.99 1.0 0 0 0 0 1.0 1.0 0 1.0 1.0 1.0 0 0 0 0 0.99 1.0 1.0 1.0 1.0 0 1.0 1.0 1.0 1.0 0 0 0.71 0.63 1.0 1.0 1.0 0 0 0 0 0 0 0 0 0.67 0.75 0.7 0.66 0 0.67 0 0 0 0 0 0.72 0 0 0.79 0.72 0.59 0.67 0.7 0 0 0 0 0 0 0 0 0 0 0 0 0 0 0 0 0 0 0 0 0 0 0 0 0 0 0 0 0 0 1.0 1.0 1.0 1.0 1.0 0 0 1.0 1.0 1.0 1.0 0.61 0.97 0.98 0.98 1.0 1.0 1.0 0.99 0 0 0 0 0 0 0 0 1.0 1.0 0.91 0 0.94 0.94 0.94 0.65 0.57 0.69 0.67 0.6 0.74 0.66 0.73 0.58 0.7 0.65 0 0.67 0.8 0 0.69 0.68 0.69 0.7 0.65 0.64 0.65 0.67 0.67 0.69 0.69 0.71 0.98 0.98 0.98 0 0.98 0.98 0.97 0.99 
1.0 1.0 1.0 1.0 1.0 1.0 1.0 1.0 1.0 0 0 0 0 0 0 1.0 1.0 0 1.0 1.0 0 0 0 0 1.0 1.0 0 1.0 1.0 1.0 0 0 0 0 1.0 1.0 1.0 1.0 1.0 0 1.0 1.0 1.0 1.0 0 0 1.0 1.0 1.0 1.0 1.0 0 0 0 0 0 0 0 0 1.0 1.0 1.0 1.0 0 1.0 0 0 0 0 0 1.0 0 0 1.0 1.0 1.0 1.0 1.0 0 0 0 0 0 0 0 0 0 0 0 0 0 0 0 0 0 0 0 0 0 0 0 0 0 0 0 0 0 0 1.0 1.0 1.0 1.0 1.0 0 0 1.0 1.0 1.0 1.0 1.0 0.99 0.99 0.98 1.0 1.0 1.0 1.0 0 0 0 0 0 0 0 0 1.0 1.0 0.87 0 0.87 0.88 0.85 1.0 1.0 1.0 1.0 1.0 1.0 1.0 1.0 1.0 1.0 1.0 0 1.0 1.0 0 1.0 1.0 1.0 1.0 1.0 1.0 1.0 1.0 1.0 1.0 1.0 1.0 0.99 0.98 0.99 0 0.99 0.99 0.99 0.98 
1.0 0.99 1.0 0.99 1.0 1.0 1.0 0.99 1.0 0 0 0 0 0 0 1.0 1.0 0 0.99 1.0 0 0 0 0 1.0 1.0 0 1.0 1.0 0.99 0 0 0 0 1.0 0.99 0.99 1.0 1.0 0 1.0 0.99 1.0 0.99 0 0 0.65 0.7 1.0 1.0 1.0 0 0 0 0 0 0 0 0 0.68 0.55 0.6 0.69 0 0.69 0 0 0 0 0 0.67 0 0 0.67 0.67 0.62 0.69 0.72 0 0 0 0 0 0 0 0 0 0 0 0 0 0 0 0 0 0 0 0 0 0 0 0 0 0 0 0 0 0 1.0 1.0 1.0 1.0 1.0 0 0 1.0 0.99 1.0 1.0 0.74 0.97 0.96 0.97 1.0 0.99 1.0 1.0 0 0 0 0 0 0 0 0 0.99 1.0 0.92 0 0.89 0.93 0.93 0.74 0.71 0.72 0.72 0.64 0.67 0.7 0.71 0.71 0.68 0.67 0 0.63 0.6 0 0.68 0.71 0.72 0.73 0.67 0.67 0.69 0.71 0.75 0.71 0.72 0.73 0.96 0.97 0.97 0 0.97 0.97 0.97 0.98 
1.0 1.0 1.0 1.0 1.0 1.0 1.0 1.0 1.0 0 0 0 0 0 0 1.0 1.0 0 1.0 1.0 0 0 0 0 1.0 1.0 0 1.0 1.0 1.0 0 0 0 0 1.0 1.0 1.0 1.0 1.0 0 1.0 1.0 1.0 1.0 0 0 1.0 1.0 1.0 1.0 1.0 0 0 0 0 0 0 0 0 1.0 1.0 1.0 1.0 0 1.0 0 0 0 0 0 1.0 0 0 1.0 1.0 1.0 1.0 1.0 0 0 0 0 0 0 0 0 0 0 0 0 0 0 0 0 0 0 0 0 0 0 0 0 0 0 0 0 0 0 1.0 1.0 1.0 1.0 1.0 0 0 1.0 1.0 1.0 1.0 1.0 0.98 0.98 0.98 1.0 1.0 1.0 1.0 0 0 0 0 0 0 0 0 1.0 1.0 0.9 0 0.89 0.9 0.91 1.0 1.0 1.0 1.0 1.0 1.0 1.0 1.0 1.0 1.0 1.0 0 1.0 1.0 0 1.0 1.0 1.0 1.0 1.0 1.0 1.0 1.0 1.0 1.0 1.0 1.0 0.98 0.98 0.97 0 0.99 0.98 0.98 0.98 
1.0 0.99 1.0 1.0 1.0 1.0 1.0 1.0 1.0 0 0 0 0 0 0 1.0 1.0 0 1.0 1.0 0 0 0 0 0.99 1.0 0 1.0 1.0 1.0 0 0 0 0 1.0 0.99 1.0 1.0 1.0 0 1.0 1.0 1.0 1.0 0 0 0.99 0.99 1.0 1.0 1.0 0 0 0 0 0 0 0 0 0.99 0.99 0.99 0.99 0 0.99 0 0 0 0 0 0.99 0 0 0.99 0.99 0.99 0.99 0.99 0 0 0 0 0 0 0 0 0 0 0 0 0 0 0 0 0 0 0 0 0 0 0 0 0 0 0 0 0 0 1.0 1.0 1.0 1.0 1.0 0 0 1.0 1.0 1.0 1.0 0.99 0.9 0.94 0.93 1.0 0.99 1.0 1.0 0 0 0 0 0 0 0 0 1.0 1.0 0.84 0 0.82 0.85 0.87 0.99 0.99 0.99 0.99 1.0 0.99 0.99 0.99 0.99 1.0 0.99 0 0.99 0.99 0 0.99 0.99 0.99 0.99 0.99 0.99 0.99 0.99 0.99 0.99 0.99 0.99 0.91 0.92 0.9 0 0.88 0.9 0.92 0.91 
0.99 0.99 1.0 0.99 1.0 1.0 1.0 1.0 1.0 0 0 0 0 0 0 0.99 1.0 0 0.99 1.0 0 0 0 0 0.99 0.99 0 1.0 1.0 0.99 0 0 0 0 1.0 1.0 1.0 0.99 1.0 0 0.99 1.0 1.0 0.99 0 0 0.98 0.97 1.0 1.0 1.0 0 0 0 0 0 0 0 0 0.95 0.98 0.98 0.99 0 0.97 0 0 0 0 0 0.98 0 0 0.97 0.98 0.97 0.98 0.98 0 0 0 0 0 0 0 0 0 0 0 0 0 0 0 0 0 0 0 0 0 0 0 0 0 0 0 0 0 0 0.99 1.0 1.0 1.0 0.99 0 0 1.0 1.0 1.0 1.0 0.97 0.92 0.92 0.93 0.99 0.99 0.99 1.0 0 0 0 0 0 0 0 0 1.0 0.99 0.84 0 0.79 0.89 0.85 0.98 0.96 0.97 0.97 0.98 0.96 0.96 0.97 0.97 0.98 0.97 0 0.98 0.98 0 0.98 0.97 0.97 0.97 0.98 0.97 0.98 0.96 0.98 0.96 0.97 0.97 0.91 0.9 0.89 0 0.87 0.88 0.92 0.93 
1.0 1.0 1.0 1.0 1.0 1.0 1.0 1.0 1.0 0 0 0 0 0 0 1.0 1.0 0 1.0 1.0 0 0 0 0 1.0 1.0 0 1.0 1.0 1.0 0 0 0 0 1.0 1.0 1.0 1.0 1.0 0 1.0 1.0 1.0 1.0 0 0 0.92 0.95 1.0 1.0 1.0 0 0 0 0 0 0 0 0 0.95 0.94 0.95 0.96 0 0.95 0 0 0 0 0 0.96 0 0 0.96 0.96 0.96 0.96 0.97 0 0 0 0 0 0 0 0 0 0 0 0 0 0 0 0 0 0 0 0 0 0 0 0 0 0 0 0 0 0 1.0 1.0 1.0 1.0 1.0 0 0 1.0 1.0 1.0 1.0 0.94 0.95 0.97 0.97 1.0 1.0 1.0 1.0 0 0 0 0 0 0 0 0 1.0 1.0 0.91 0 0.92 0.91 0.92 0.94 0.95 0.96 0.96 0.96 0.95 0.94 0.96 0.95 0.96 0.94 0 0.95 0.95 0 0.94 0.96 0.96 0.94 0.95 0.97 0.95 0.95 0.95 0.95 0.95 0.97 0.96 0.96 0.97 0 0.96 0.96 0.95 0.97 
1.0 1.0 1.0 1.0 1.0 1.0 1.0 1.0 1.0 0 0 0 0 0 0 1.0 1.0 0 1.0 1.0 0 0 0 0 1.0 1.0 0 1.0 1.0 1.0 0 0 0 0 1.0 1.0 1.0 1.0 1.0 0 1.0 1.0 1.0 1.0 0 0 0 0 1.0 1.0 1.0 0 0 0 0 0 0 0 0 0 0 0 0 0 0 0 0 0 0 0 0 0 0 0 0 0 0 0 0 0 0 0 0 0 0 0 0 0 0 0 0 0 0 0 0 0 0 0 0 0 0 0 0 0 0 0 0 0 1.0 1.0 1.0 1.0 1.0 0 0 1.0 1.0 1.0 1.0 0 1.0 0.99 1.0 1.0 1.0 1.0 1.0 0 0 0 0 0 0 0 0 1.0 1.0 0.99 0 0.98 0.99 0.99 0 0 0 0 0 0 0 0 0 0 0 0 0 0 0 0 0 0 0 0 0 0 0 0 0 0 0 0.99 1.0 0.99 0 0.99 0.99 1.0 1.0 
1.0 1.0 1.0 1.0 1.0 1.0 1.0 1.0 1.0 0 0 0 0 0 0 1.0 1.0 0 1.0 1.0 0 0 0 0 1.0 1.0 0 1.0 1.0 1.0 0 0 0 0 1.0 1.0 1.0 1.0 1.0 0 1.0 1.0 1.0 1.0 0 0 1.0 1.0 1.0 1.0 1.0 0 0 0 0 0 0 0 0 1.0 1.0 1.0 1.0 0 1.0 0 0 0 0 0 0.99 0 0 1.0 1.0 1.0 1.0 1.0 0 0 0 0 0 0 0 0 0 0 0 0 0 0 0 0 0 0 0 0 0 0 0 0 0 0 0 0 0 0 1.0 1.0 1.0 1.0 1.0 0 0 1.0 1.0 1.0 1.0 1.0 0.94 0.94 0.96 1.0 1.0 1.0 1.0 0 0 0 0 0 0 0 0 1.0 1.0 0.84 0 0.76 0.79 0.81 0.99 1.0 1.0 1.0 1.0 1.0 1.0 1.0 1.0 1.0 1.0 0 1.0 1.0 0 1.0 1.0 1.0 1.0 1.0 1.0 1.0 1.0 1.0 1.0 1.0 1.0 0.93 0.94 0.94 0 0.91 0.95 0.95 0.94 
1.0 1.0 1.0 0.99 1.0 1.0 1.0 1.0 1.0 0 0 0 0 0 0 0.99 0.99 0 0.99 1.0 0 0 0 0 1.0 1.0 0 1.0 1.0 1.0 0 0 0 0 0.99 1.0 1.0 1.0 1.0 0 1.0 0.99 1.0 0.99 0 0 0 0 1.0 1.0 1.0 0 0 0 0 0 0 0 0 0 0 0 0 0 0 0 0 0 0 0 0 0 0 0 0 0 0 0 0 0 0 0 0 0 0 0 0 0 0 0 0 0 0 0 0 0 0 0 0 0 0 0 0 0 0 0 0 0 0.99 1.0 1.0 0.99 1.0 0 0 1.0 0.99 1.0 1.0 0 0.98 0.98 0.98 0.99 0.99 1.0 0.99 0 0 0 0 0 0 0 0 1.0 1.0 0.93 0 0.93 0.96 0.95 0 0 0 0 0 0 0 0 0 0 0 0 0 0 0 0 0 0 0 0 0 0 0 0 0 0 0 0.98 0.98 0.98 0 0.98 0.97 0.98 0.99 
1.0 1.0 1.0 1.0 1.0 1.0 1.0 1.0 1.0 0 0 0 0 0 0 1.0 1.0 0 1.0 1.0 0 0 0 0 1.0 1.0 0 1.0 1.0 1.0 0 0 0 0 1.0 1.0 1.0 1.0 1.0 0 1.0 1.0 1.0 1.0 0 0 0 0 1.0 1.0 1.0 0 0 0 0 0 0 0 0 0 0 0 0 0 0 0 0 0 0 0 0 0 0 0 0 0 0 0 0 0 0 0 0 0 0 0 0 0 0 0 0 0 0 0 0 0 0 0 0 0 0 0 0 0 0 0 0 0 1.0 1.0 1.0 1.0 1.0 0 0 1.0 1.0 1.0 1.0 0 0.98 0.98 0.99 1.0 1.0 1.0 1.0 0 0 0 0 0 0 0 0 1.0 1.0 0.96 0 0.97 0.97 0.97 0 0 0 0 0 0 0 0 0 0 0 0 0 0 0 0 0 0 0 0 0 0 0 0 0 0 0 0.98 0.99 0.98 0 0.98 0.98 0.99 0.99 
1.0 1.0 1.0 1.0 1.0 1.0 1.0 1.0 1.0 0 0 0 0 0 0 1.0 1.0 0 1.0 1.0 0 0 0 0 1.0 1.0 0 1.0 1.0 1.0 0 0 0 0 1.0 1.0 1.0 1.0 1.0 0 1.0 1.0 1.0 1.0 0 0 1.0 1.0 1.0 1.0 1.0 0 0 0 0 0 0 0 0 1.0 1.0 1.0 1.0 0 1.0 0 0 0 0 0 1.0 0 0 1.0 1.0 1.0 1.0 1.0 0 0 0 0 0 0 0 0 0 0 0 0 0 0 0 0 0 0 0 0 0 0 0 0 0 0 0 0 0 0 1.0 1.0 1.0 1.0 1.0 0 0 1.0 1.0 1.0 1.0 1.0 0.98 0.98 0.98 1.0 1.0 1.0 1.0 0 0 0 0 0 0 0 0 1.0 1.0 0.9 0 0.92 0.92 0.92 1.0 1.0 1.0 1.0 1.0 1.0 1.0 1.0 1.0 1.0 1.0 0 1.0 1.0 0 1.0 1.0 1.0 1.0 1.0 1.0 1.0 1.0 1.0 1.0 1.0 1.0 0.98 0.98 0.99 0 0.99 0.99 0.98 0.98 
1.0 1.0 1.0 1.0 1.0 1.0 1.0 1.0 1.0 0 0 0 0 0 0 1.0 1.0 0 1.0 1.0 0 0 0 0 1.0 1.0 0 1.0 1.0 1.0 0 0 0 0 1.0 1.0 1.0 1.0 1.0 0 1.0 1.0 1.0 1.0 0 0 0.97 0.98 1.0 1.0 1.0 0 0 0 0 0 0 0 0 0.98 0.97 0.98 0.98 0 0.97 0 0 0 0 0 0.97 0 0 0.97 0.97 0.97 0.98 0.98 0 0 0 0 0 0 0 0 0 0 0 0 0 0 0 0 0 0 0 0 0 0 0 0 0 0 0 0 0 0 1.0 1.0 1.0 1.0 1.0 0 0 1.0 1.0 1.0 1.0 0.97 0.97 0.96 0.97 1.0 1.0 1.0 1.0 0 0 0 0 0 0 0 0 1.0 1.0 0.89 0 0.87 0.91 0.88 0.98 0.98 0.98 0.98 0.98 0.97 0.98 0.97 0.98 0.97 0.98 0 0.98 0.97 0 0.98 0.97 0.97 0.98 0.98 0.97 0.96 0.98 0.98 0.98 0.98 0.97 0.97 0.97 0.95 0 0.97 0.96 0.97 0.97 
1.0 1.0 1.0 1.0 1.0 1.0 1.0 1.0 1.0 0 0 0 0 0 0 1.0 1.0 0 1.0 1.0 0 0 0 0 1.0 1.0 0 1.0 1.0 1.0 0 0 0 0 1.0 1.0 1.0 1.0 1.0 0 1.0 1.0 1.0 1.0 0 0 1.0 1.0 1.0 1.0 1.0 0 0 0 0 0 0 0 0 1.0 1.0 1.0 1.0 0 1.0 0 0 0 0 0 1.0 0 0 1.0 1.0 1.0 1.0 1.0 0 0 0 0 0 0 0 0 0 0 0 0 0 0 0 0 0 0 0 0 0 0 0 0 0 0 0 0 0 0 1.0 1.0 1.0 1.0 1.0 0 0 1.0 1.0 1.0 1.0 1.0 0.95 0.96 0.97 1.0 1.0 1.0 1.0 0 0 0 0 0 0 0 0 1.0 1.0 0.85 0 0.87 0.87 0.88 1.0 1.0 1.0 1.0 1.0 1.0 1.0 1.0 1.0 1.0 0.99 0 1.0 1.0 0 1.0 1.0 1.0 1.0 1.0 1.0 1.0 1.0 1.0 1.0 1.0 1.0 0.95 0.96 0.96 0 0.96 0.96 0.95 0.97 
1.0 1.0 1.0 1.0 1.0 1.0 1.0 1.0 1.0 0 0 0 0 0 0 1.0 1.0 0 1.0 1.0 0 0 0 0 1.0 1.0 0 1.0 1.0 1.0 0 0 0 0 1.0 1.0 1.0 1.0 1.0 0 1.0 1.0 1.0 1.0 0 0 1.0 1.0 1.0 1.0 1.0 0 0 0 0 0 0 0 0 1.0 1.0 1.0 1.0 0 1.0 0 0 0 0 0 1.0 0 0 1.0 1.0 1.0 1.0 1.0 0 0 0 0 0 0 0 0 0 0 0 0 0 0 0 0 0 0 0 0 0 0 0 0 0 0 0 0 0 0 1.0 1.0 1.0 1.0 1.0 0 0 1.0 1.0 1.0 1.0 1.0 0.98 0.98 0.97 1.0 1.0 1.0 1.0 0 0 0 0 0 0 0 0 1.0 1.0 0.91 0 0.85 0.93 0.93 1.0 1.0 1.0 1.0 1.0 1.0 1.0 1.0 1.0 1.0 1.0 0 1.0 1.0 0 1.0 1.0 1.0 1.0 1.0 1.0 1.0 1.0 1.0 1.0 1.0 1.0 0.98 0.96 0.94 0 0.97 0.96 0.98 0.95 
1.0 1.0 1.0 1.0 1.0 1.0 1.0 1.0 1.0 0 0 0 0 0 0 1.0 1.0 0 1.0 1.0 0 0 0 0 1.0 1.0 0 1.0 1.0 1.0 0 0 0 0 1.0 1.0 1.0 1.0 1.0 0 1.0 1.0 1.0 1.0 0 0 0.98 0.99 1.0 1.0 1.0 0 0 0 0 0 0 0 0 0.99 0.99 0.99 0.99 0 0.98 0 0 0 0 0 0.99 0 0 0.99 0.99 0.99 0.99 0.99 0 0 0 0 0 0 0 0 0 0 0 0 0 0 0 0 0 0 0 0 0 0 0 0 0 0 0 0 0 0 1.0 1.0 1.0 1.0 1.0 0 0 1.0 1.0 1.0 1.0 0.99 0.98 0.99 0.98 1.0 1.0 1.0 1.0 0 0 0 0 0 0 0 0 1.0 1.0 0.93 0 0.94 0.95 0.95 0.99 0.99 0.99 0.99 0.99 0.98 0.99 0.99 0.99 0.99 0.99 0 0.98 0.99 0 0.99 0.99 0.99 0.98 0.99 0.99 0.98 0.99 0.98 0.99 0.98 0.99 0.99 0.98 0.98 0 0.98 0.97 0.97 0.98 
0.99 0.99 1.0 0.99 1.0 1.0 0.99 0.99 1.0 0 0 0 0 0 0 0.99 0.99 0 0.99 0.99 0 0 0 0 1.0 0.99 0 1.0 1.0 0.99 0 0 0 0 0.99 1.0 0.99 1.0 1.0 0 1.0 0.99 0.99 0.99 0 0 0 0 1.0 1.0 0.99 0 0 0 0 0 0 0 0 0 0 0 0 0 0 0 0 0 0 0 0 0 0 0 0 0 0 0 0 0 0 0 0 0 0 0 0 0 0 0 0 0 0 0 0 0 0 0 0 0 0 0 0 0 0 0 0 0 0.99 1.0 0.99 0.99 0.99 0 0 0.99 0.99 1.0 0.99 0 0.97 0.97 0.98 0.99 0.99 0.99 0.99 0 0 0 0 0 0 0 0 0.99 0.99 0.94 0 0.93 0.96 0.95 0 0 0 0 0 0 0 0 0 0 0 0 0 0 0 0 0 0 0 0 0 0 0 0 0 0 0 0.98 0.97 0.97 0 0.98 0.97 0.97 0.99 
1.0 1.0 1.0 1.0 1.0 1.0 1.0 1.0 1.0 0 0 0 0 0 0 1.0 1.0 0 1.0 1.0 0 0 0 0 1.0 1.0 0 1.0 1.0 1.0 0 0 0 0 1.0 1.0 1.0 1.0 1.0 0 1.0 1.0 1.0 1.0 0 0 0.94 0.93 1.0 1.0 1.0 0 0 0 0 0 0 0 0 0.92 0.93 0.93 0.94 0 0.92 0 0 0 0 0 0.84 0 0 0.93 0.93 0.92 0.9 0.89 0 0 0 0 0 0 0 0 0 0 0 0 0 0 0 0 0 0 0 0 0 0 0 0 0 0 0 0 0 0 1.0 1.0 1.0 1.0 1.0 0 0 1.0 1.0 1.0 1.0 0.92 0.98 0.98 0.98 1.0 1.0 1.0 1.0 0 0 0 0 0 0 0 0 1.0 1.0 0.94 0 0.93 0.93 0.94 0.87 0.92 0.92 0.92 0.91 0.94 0.88 0.93 0.93 0.92 0.91 0 0.9 0.93 0 0.89 0.91 0.91 0.9 0.94 0.93 0.93 0.94 0.92 0.92 0.9 0.92 0.98 0.98 0.98 0 0.98 0.99 0.98 0.98 
1.0 1.0 1.0 1.0 1.0 1.0 1.0 1.0 1.0 0 0 0 0 0 0 1.0 1.0 0 1.0 1.0 0 0 0 0 1.0 1.0 0 1.0 1.0 1.0 0 0 0 0 1.0 1.0 1.0 1.0 1.0 0 1.0 1.0 1.0 1.0 0 0 1.0 1.0 1.0 1.0 1.0 0 0 0 0 0 0 0 0 1.0 1.0 1.0 1.0 0 1.0 0 0 0 0 0 1.0 0 0 1.0 1.0 1.0 1.0 1.0 0 0 0 0 0 0 0 0 0 0 0 0 0 0 0 0 0 0 0 0 0 0 0 0 0 0 0 0 0 0 1.0 1.0 1.0 1.0 1.0 0 0 1.0 1.0 1.0 1.0 1.0 1.0 0.99 0.99 1.0 1.0 1.0 1.0 0 0 0 0 0 0 0 0 1.0 1.0 0.96 0 0.96 0.95 0.96 1.0 1.0 1.0 1.0 1.0 1.0 1.0 1.0 1.0 1.0 1.0 0 1.0 1.0 0 1.0 1.0 1.0 1.0 1.0 1.0 1.0 1.0 1.0 1.0 1.0 1.0 1.0 1.0 0.99 0 1.0 1.0 1.0 1.0 
1.0 1.0 1.0 1.0 1.0 1.0 1.0 1.0 1.0 0 0 0 0 0 0 1.0 1.0 0 1.0 1.0 0 0 0 0 1.0 1.0 0 1.0 1.0 1.0 0 0 0 0 1.0 1.0 1.0 1.0 1.0 0 1.0 1.0 1.0 1.0 0 0 0.73 0.7 1.0 1.0 1.0 0 0 0 0 0 0 0 0 0.67 0.76 0.73 0.65 0 0.68 0 0 0 0 0 0.77 0 0 0.72 0.7 0.7 0.75 0.74 0 0 0 0 0 0 0 0 0 0 0 0 0 0 0 0 0 0 0 0 0 0 0 0 0 0 0 0 0 0 1.0 1.0 1.0 1.0 1.0 0 0 1.0 1.0 1.0 1.0 0.72 0.98 0.98 0.98 1.0 0.99 1.0 1.0 0 0 0 0 0 0 0 0 1.0 1.0 0.94 0 0.93 0.96 0.96 0.72 0.64 0.72 0.74 0.59 0.69 0.71 0.73 0.68 0.72 0.69 0 0.69 0.77 0 0.7 0.78 0.64 0.71 0.67 0.66 0.76 0.67 0.69 0.66 0.68 0.73 0.98 0.98 0.98 0 0.98 0.98 0.98 0.99 
1.0 1.0 1.0 1.0 1.0 1.0 1.0 1.0 1.0 0 0 0 0 0 0 1.0 1.0 0 1.0 1.0 0 0 0 0 1.0 1.0 0 1.0 1.0 1.0 0 0 0 0 1.0 1.0 1.0 1.0 1.0 0 1.0 1.0 1.0 1.0 0 0 1.0 1.0 1.0 1.0 1.0 0 0 0 0 0 0 0 0 1.0 1.0 1.0 1.0 0 1.0 0 0 0 0 0 1.0 0 0 1.0 1.0 1.0 1.0 1.0 0 0 0 0 0 0 0 0 0 0 0 0 0 0 0 0 0 0 0 0 0 0 0 0 0 0 0 0 0 0 1.0 1.0 1.0 1.0 1.0 0 0 1.0 1.0 1.0 1.0 1.0 0.96 0.98 0.97 1.0 1.0 1.0 1.0 0 0 0 0 0 0 0 0 1.0 1.0 0.83 0 0.87 0.81 0.83 1.0 1.0 1.0 1.0 1.0 1.0 1.0 1.0 1.0 1.0 1.0 0 1.0 1.0 0 1.0 1.0 1.0 1.0 1.0 1.0 1.0 1.0 1.0 1.0 1.0 1.0 0.98 0.97 0.96 0 0.97 0.98 0.96 0.95 
1.0 1.0 1.0 1.0 1.0 1.0 1.0 1.0 1.0 0 0 0 0 0 0 1.0 1.0 0 1.0 1.0 0 0 0 0 1.0 1.0 0 1.0 1.0 1.0 0 0 0 0 1.0 1.0 1.0 1.0 1.0 0 1.0 1.0 1.0 1.0 0 0 1.0 1.0 1.0 1.0 1.0 0 0 0 0 0 0 0 0 1.0 1.0 1.0 1.0 0 1.0 0 0 0 0 0 1.0 0 0 1.0 1.0 1.0 1.0 1.0 0 0 0 0 0 0 0 0 0 0 0 0 0 0 0 0 0 0 0 0 0 0 0 0 0 0 0 0 0 0 1.0 1.0 1.0 1.0 1.0 0 0 1.0 1.0 1.0 1.0 1.0 0.99 0.99 0.99 1.0 1.0 1.0 1.0 0 0 0 0 0 0 0 0 1.0 1.0 0.92 0 0.93 0.92 0.93 1.0 1.0 1.0 1.0 1.0 1.0 1.0 1.0 1.0 1.0 1.0 0 1.0 1.0 0 1.0 1.0 1.0 1.0 1.0 1.0 1.0 1.0 1.0 1.0 1.0 1.0 0.99 0.99 0.99 0 0.99 0.99 0.99 0.99 
1.0 1.0 1.0 1.0 1.0 1.0 1.0 1.0 1.0 0 0 0 0 0 0 1.0 1.0 0 1.0 1.0 0 0 0 0 1.0 1.0 0 1.0 1.0 1.0 0 0 0 0 1.0 1.0 1.0 1.0 1.0 0 1.0 1.0 1.0 1.0 0 0 1.0 1.0 1.0 1.0 1.0 0 0 0 0 0 0 0 0 1.0 1.0 1.0 1.0 0 1.0 0 0 0 0 0 1.0 0 0 1.0 1.0 1.0 1.0 1.0 0 0 0 0 0 0 0 0 0 0 0 0 0 0 0 0 0 0 0 0 0 0 0 0 0 0 0 0 0 0 1.0 1.0 1.0 1.0 1.0 0 0 1.0 1.0 1.0 1.0 1.0 0.98 0.98 0.98 1.0 1.0 1.0 1.0 0 0 0 0 0 0 0 0 1.0 1.0 0.91 0 0.9 0.9 0.91 1.0 1.0 1.0 1.0 1.0 1.0 1.0 1.0 1.0 1.0 1.0 0 1.0 1.0 0 1.0 1.0 1.0 1.0 1.0 1.0 1.0 1.0 1.0 1.0 1.0 1.0 0.99 0.98 0.98 0 0.98 0.98 0.99 0.97 
1.0 1.0 1.0 1.0 1.0 1.0 1.0 1.0 1.0 0 0 0 0 0 0 1.0 1.0 0 1.0 1.0 0 0 0 0 1.0 1.0 0 1.0 1.0 1.0 0 0 0 0 1.0 1.0 1.0 1.0 1.0 0 1.0 1.0 1.0 1.0 0 0 1.0 1.0 1.0 1.0 1.0 0 0 0 0 0 0 0 0 1.0 1.0 1.0 1.0 0 1.0 0 0 0 0 0 1.0 0 0 1.0 1.0 1.0 1.0 1.0 0 0 0 0 0 0 0 0 0 0 0 0 0 0 0 0 0 0 0 0 0 0 0 0 0 0 0 0 0 0 1.0 1.0 1.0 1.0 1.0 0 0 1.0 1.0 1.0 1.0 1.0 0.93 0.97 0.95 1.0 1.0 1.0 1.0 0 0 0 0 0 0 0 0 1.0 1.0 0.87 0 0.86 0.89 0.88 1.0 1.0 1.0 1.0 1.0 1.0 1.0 1.0 1.0 1.0 1.0 0 1.0 1.0 0 1.0 1.0 1.0 1.0 1.0 1.0 1.0 1.0 1.0 1.0 1.0 1.0 0.95 0.95 0.95 0 0.95 0.94 0.94 0.95 
1.0 1.0 1.0 1.0 1.0 1.0 1.0 1.0 1.0 0 0 0 0 0 0 1.0 1.0 0 1.0 1.0 0 0 0 0 1.0 1.0 0 1.0 1.0 1.0 0 0 0 0 1.0 1.0 1.0 1.0 1.0 0 1.0 1.0 1.0 1.0 0 0 0.99 0.99 1.0 1.0 1.0 0 0 0 0 0 0 0 0 0.98 0.99 0.99 0.99 0 0.98 0 0 0 0 0 0.99 0 0 0.99 0.99 0.98 0.99 0.99 0 0 0 0 0 0 0 0 0 0 0 0 0 0 0 0 0 0 0 0 0 0 0 0 0 0 0 0 0 0 1.0 1.0 1.0 1.0 1.0 0 0 1.0 1.0 1.0 1.0 0.98 0.95 0.94 0.94 1.0 1.0 1.0 1.0 0 0 0 0 0 0 0 0 1.0 1.0 0.84 0 0.84 0.87 0.83 0.99 0.99 0.99 0.99 0.99 0.98 0.98 0.99 0.99 0.98 0.98 0 0.98 0.98 0 0.98 0.98 0.97 0.98 0.99 0.98 0.99 0.98 0.98 0.99 0.99 0.98 0.96 0.95 0.96 0 0.95 0.94 0.95 0.96 
1.0 1.0 1.0 1.0 1.0 1.0 1.0 1.0 1.0 0 0 0 0 0 0 1.0 1.0 0 1.0 1.0 0 0 0 0 1.0 1.0 0 1.0 1.0 1.0 0 0 0 0 1.0 1.0 1.0 1.0 1.0 0 1.0 1.0 1.0 1.0 0 0 1.0 1.0 1.0 1.0 1.0 0 0 0 0 0 0 0 0 1.0 1.0 1.0 1.0 0 1.0 0 0 0 0 0 1.0 0 0 1.0 1.0 1.0 1.0 1.0 0 0 0 0 0 0 0 0 0 0 0 0 0 0 0 0 0 0 0 0 0 0 0 0 0 0 0 0 0 0 1.0 1.0 1.0 1.0 1.0 0 0 1.0 1.0 1.0 1.0 1.0 0.89 0.95 0.93 1.0 1.0 1.0 1.0 0 0 0 0 0 0 0 0 1.0 1.0 0.87 0 0.86 0.87 0.89 1.0 1.0 1.0 1.0 1.0 1.0 1.0 1.0 1.0 1.0 1.0 0 1.0 1.0 0 1.0 1.0 1.0 1.0 1.0 1.0 1.0 1.0 1.0 1.0 1.0 1.0 0.93 0.93 0.92 0 0.92 0.9 0.93 0.92 
1.0 1.0 1.0 1.0 1.0 1.0 1.0 1.0 1.0 0 0 0 0 0 0 1.0 1.0 0 1.0 1.0 0 0 0 0 1.0 1.0 0 1.0 1.0 1.0 0 0 0 0 1.0 1.0 1.0 1.0 1.0 0 1.0 1.0 1.0 1.0 0 0 1.0 1.0 1.0 1.0 1.0 0 0 0 0 0 0 0 0 1.0 1.0 1.0 1.0 0 1.0 0 0 0 0 0 1.0 0 0 1.0 1.0 1.0 1.0 1.0 0 0 0 0 0 0 0 0 0 0 0 0 0 0 0 0 0 0 0 0 0 0 0 0 0 0 0 0 0 0 1.0 1.0 1.0 1.0 1.0 0 0 1.0 1.0 1.0 1.0 1.0 0.95 0.96 0.96 1.0 1.0 1.0 1.0 0 0 0 0 0 0 0 0 1.0 1.0 0.87 0 0.85 0.87 0.87 1.0 1.0 1.0 1.0 1.0 1.0 1.0 1.0 1.0 1.0 1.0 0 1.0 1.0 0 1.0 1.0 1.0 1.0 1.0 1.0 1.0 1.0 1.0 1.0 1.0 1.0 0.95 0.95 0.96 0 0.95 0.97 0.96 0.94 
1.0 0.99 1.0 1.0 1.0 1.0 1.0 1.0 1.0 0 0 0 0 0 0 1.0 1.0 0 1.0 1.0 0 0 0 0 1.0 1.0 0 1.0 1.0 1.0 0 0 0 0 1.0 1.0 1.0 1.0 1.0 0 1.0 1.0 1.0 1.0 0 0 1.0 1.0 1.0 1.0 1.0 0 0 0 0 0 0 0 0 1.0 1.0 1.0 1.0 0 1.0 0 0 0 0 0 1.0 0 0 0.99 1.0 1.0 1.0 1.0 0 0 0 0 0 0 0 0 0 0 0 0 0 0 0 0 0 0 0 0 0 0 0 0 0 0 0 0 0 0 1.0 1.0 1.0 1.0 1.0 0 0 1.0 1.0 1.0 1.0 0.99 0.91 0.92 0.94 1.0 1.0 1.0 1.0 0 0 0 0 0 0 0 0 1.0 1.0 0.8 0 0.8 0.8 0.8 0.99 1.0 1.0 0.99 1.0 1.0 0.99 1.0 1.0 1.0 1.0 0 1.0 1.0 0 1.0 1.0 1.0 0.99 1.0 1.0 0.99 1.0 1.0 1.0 1.0 1.0 0.92 0.9 0.91 0 0.9 0.93 0.92 0.91 
1.0 1.0 1.0 1.0 1.0 1.0 1.0 1.0 1.0 0 0 0 0 0 0 1.0 1.0 0 1.0 1.0 0 0 0 0 1.0 1.0 0 1.0 1.0 1.0 0 0 0 0 1.0 1.0 1.0 1.0 1.0 0 1.0 1.0 1.0 1.0 0 0 1.0 1.0 1.0 1.0 1.0 0 0 0 0 0 0 0 0 1.0 1.0 1.0 1.0 0 1.0 0 0 0 0 0 1.0 0 0 1.0 1.0 1.0 1.0 1.0 0 0 0 0 0 0 0 0 0 0 0 0 0 0 0 0 0 0 0 0 0 0 0 0 0 0 0 0 0 0 1.0 1.0 1.0 1.0 1.0 0 0 1.0 1.0 1.0 1.0 1.0 0.96 0.96 0.96 1.0 1.0 1.0 1.0 0 0 0 0 0 0 0 0 1.0 1.0 0.82 0 0.83 0.81 0.82 1.0 1.0 1.0 1.0 1.0 1.0 1.0 1.0 1.0 1.0 1.0 0 1.0 1.0 0 1.0 1.0 1.0 1.0 1.0 1.0 1.0 1.0 1.0 1.0 1.0 1.0 0.96 0.96 0.96 0 0.96 0.97 0.95 0.97 
1.0 1.0 1.0 1.0 1.0 1.0 1.0 1.0 1.0 0 0 0 0 0 0 1.0 1.0 0 1.0 1.0 0 0 0 0 1.0 1.0 0 1.0 1.0 1.0 0 0 0 0 1.0 1.0 1.0 1.0 1.0 0 1.0 1.0 1.0 1.0 0 0 1.0 1.0 1.0 1.0 1.0 0 0 0 0 0 0 0 0 1.0 1.0 1.0 1.0 0 1.0 0 0 0 0 0 1.0 0 0 1.0 1.0 1.0 1.0 1.0 0 0 0 0 0 0 0 0 0 0 0 0 0 0 0 0 0 0 0 0 0 0 0 0 0 0 0 0 0 0 1.0 1.0 1.0 1.0 1.0 0 0 1.0 1.0 1.0 1.0 1.0 0.98 0.99 0.98 1.0 1.0 1.0 1.0 0 0 0 0 0 0 0 0 1.0 1.0 0.93 0 0.91 0.93 0.94 1.0 1.0 1.0 1.0 1.0 1.0 1.0 1.0 1.0 1.0 1.0 0 1.0 1.0 0 1.0 1.0 1.0 1.0 1.0 1.0 1.0 1.0 1.0 1.0 1.0 1.0 0.98 0.98 0.97 0 0.98 0.96 0.98 0.98 
1.0 1.0 1.0 1.0 1.0 1.0 1.0 1.0 1.0 0 0 0 0 0 0 1.0 1.0 0 1.0 1.0 0 0 0 0 1.0 1.0 0 1.0 1.0 1.0 0 0 0 0 1.0 1.0 1.0 1.0 1.0 0 1.0 1.0 1.0 1.0 0 0 1.0 1.0 1.0 1.0 1.0 0 0 0 0 0 0 0 0 1.0 1.0 1.0 1.0 0 1.0 0 0 0 0 0 1.0 0 0 1.0 1.0 1.0 1.0 1.0 0 0 0 0 0 0 0 0 0 0 0 0 0 0 0 0 0 0 0 0 0 0 0 0 0 0 0 0 0 0 1.0 1.0 1.0 1.0 1.0 0 0 1.0 1.0 1.0 1.0 1.0 0.94 0.96 0.97 1.0 1.0 1.0 1.0 0 0 0 0 0 0 0 0 1.0 1.0 0.82 0 0.82 0.8 0.8 1.0 1.0 1.0 1.0 1.0 1.0 1.0 1.0 1.0 1.0 1.0 0 1.0 1.0 0 1.0 1.0 1.0 1.0 1.0 1.0 1.0 1.0 1.0 1.0 1.0 1.0 0.95 0.96 0.97 0 0.95 0.98 0.95 0.96 
1.0 0.99 1.0 1.0 1.0 1.0 1.0 1.0 1.0 0 0 0 0 0 0 1.0 0.99 0 0.99 1.0 0 0 0 0 0.99 1.0 0 1.0 1.0 1.0 0 0 0 0 1.0 0.99 1.0 1.0 1.0 0 1.0 1.0 1.0 1.0 0 0 1.0 1.0 1.0 1.0 1.0 0 0 0 0 0 0 0 0 0.99 0.99 1.0 1.0 0 0.99 0 0 0 0 0 1.0 0 0 1.0 0.99 0.99 0.99 1.0 0 0 0 0 0 0 0 0 0 0 0 0 0 0 0 0 0 0 0 0 0 0 0 0 0 0 0 0 0 0 1.0 1.0 1.0 1.0 1.0 0 0 1.0 1.0 1.0 1.0 0.99 0.89 0.95 0.93 1.0 0.99 1.0 1.0 0 0 0 0 0 0 0 0 1.0 1.0 0.8 0 0.79 0.86 0.86 1.0 0.99 0.99 0.99 1.0 1.0 1.0 0.99 0.99 1.0 0.99 0 1.0 1.0 0 1.0 1.0 1.0 1.0 1.0 1.0 1.0 1.0 1.0 0.99 0.99 1.0 0.91 0.93 0.87 0 0.91 0.89 0.88 0.92 
1.0 1.0 1.0 1.0 1.0 1.0 1.0 1.0 1.0 0 0 0 0 0 0 1.0 1.0 0 1.0 1.0 0 0 0 0 1.0 1.0 0 1.0 1.0 1.0 0 0 0 0 1.0 1.0 1.0 1.0 1.0 0 1.0 1.0 1.0 1.0 0 0 0.75 0.73 1.0 1.0 1.0 0 0 0 0 0 0 0 0 0.76 0.78 0.82 0.71 0 0.71 0 0 0 0 0 0.72 0 0 0.73 0.75 0.74 0.74 0.72 0 0 0 0 0 0 0 0 0 0 0 0 0 0 0 0 0 0 0 0 0 0 0 0 0 0 0 0 0 0 1.0 1.0 1.0 1.0 1.0 0 0 1.0 1.0 1.0 1.0 0.67 0.98 0.98 0.99 1.0 1.0 1.0 1.0 0 0 0 0 0 0 0 0 1.0 1.0 0.94 0 0.95 0.96 0.95 0.72 0.7 0.71 0.65 0.78 0.72 0.75 0.7 0.7 0.79 0.8 0 0.75 0.81 0 0.72 0.64 0.66 0.68 0.79 0.69 0.66 0.71 0.64 0.75 0.77 0.68 0.98 0.99 0.98 0 0.98 0.97 0.99 0.99 
1.0 0.99 1.0 0.99 1.0 1.0 0.99 0.99 1.0 0 0 0 0 0 0 1.0 0.99 0 0.99 0.99 0 0 0 0 1.0 0.99 0 1.0 1.0 0.99 0 0 0 0 0.99 0.99 0.99 1.0 1.0 0 1.0 0.99 1.0 0.99 0 0 0.63 0.6 1.0 1.0 1.0 0 0 0 0 0 0 0 0 0.52 0.61 0.75 0.62 0 0.59 0 0 0 0 0 0.61 0 0 0.68 0.66 0.55 0.66 0.68 0 0 0 0 0 0 0 0 0 0 0 0 0 0 0 0 0 0 0 0 0 0 0 0 0 0 0 0 0 0 1.0 1.0 0.99 0.99 1.0 0 0 1.0 0.99 1.0 1.0 0.56 0.96 0.97 0.97 0.99 0.99 0.99 0.99 0 0 0 0 0 0 0 0 0.99 0.99 0.89 0 0.91 0.93 0.91 0.56 0.59 0.71 0.67 0.64 0.68 0.56 0.64 0.6 0.62 0.51 0 0 0.65 0 0.68 0.65 0.62 0.69 0.71 0.6 0.64 0.67 0.7 0.56 0.64 0.69 0.95 0.97 0.97 0 0.97 0.97 0.95 0.98 
0.99 0.99 1.0 0.99 1.0 1.0 1.0 0.99 0.99 0 0 0 0 0 0 1.0 1.0 0 0.99 1.0 0 0 0 0 0.99 0.99 0 1.0 0.99 1.0 0 0 0 0 0.99 1.0 1.0 1.0 1.0 0 0.99 1.0 1.0 1.0 0 0 0.94 0.91 1.0 0.99 0.99 0 0 0 0 0 0 0 0 0.92 0.95 0.93 0.93 0 0.94 0 0 0 0 0 0.92 0 0 0.95 0.95 0.91 0.93 0.93 0 0 0 0 0 0 0 0 0 0 0 0 0 0 0 0 0 0 0 0 0 0 0 0 0 0 0 0 0 0 0.99 1.0 1.0 1.0 1.0 0 0 1.0 1.0 1.0 1.0 0.92 0.94 0.93 0.96 0.99 0.99 1.0 0.99 0 0 0 0 0 0 0 0 1.0 1.0 0.87 0 0.87 0.87 0.88 0.91 0.91 0.94 0.92 0.92 0.93 0.92 0.93 0.91 0.93 0.93 0 0.92 0.95 0 0.91 0.93 0.92 0.93 0.93 0.92 0.93 0.92 0.94 0.94 0.92 0.92 0.93 0.95 0.96 0 0.92 0.95 0.94 0.96 
0.98 0.98 0.99 0.98 0.99 0.99 0.99 0.98 0.99 0 0 0 0 0 0 0.98 0.98 0 0.97 0.98 0 0 0 0 0.99 0.98 0 0.99 0.99 0.99 0 0 0 0 0.98 0.99 0.98 0.99 0.99 0 0.99 0.98 0.99 0.98 0 0 0 0 0.99 0.99 0.99 0 0 0 0 0 0 0 0 0 0 0 0 0 0 0 0 0 0 0 0 0 0 0 0 0 0 0 0 0 0 0 0 0 0 0 0 0 0 0 0 0 0 0 0 0 0 0 0 0 0 0 0 0 0 0 0 0 0.98 0.99 0.99 0.98 0.98 0 0 0.99 0.98 0.99 0.99 0 0.96 0.95 0.96 0.98 0.98 0.99 0.98 0 0 0 0 0 0 0 0 0.98 0.99 0.91 0 0.89 0.92 0.92 0 0 0 0 0 0 0 0 0 0 0 0 0 0 0 0 0 0 0 0 0 0 0 0 0 0 0 0.96 0.96 0.95 0 0.96 0.95 0.95 0.98 
0.99 0.99 0.99 0.98 0.99 0.99 0.99 0.99 0.99 0 0 0 0 0 0 0.99 0.99 0 0.98 0.99 0 0 0 0 0.99 0.99 0 0.99 0.99 0.99 0 0 0 0 0.98 0.99 0.99 0.99 0.99 0 0.99 0.98 0.99 0.99 0 0 0.97 0.96 0.99 0.99 0.99 0 0 0 0 0 0 0 0 0.95 0.97 0.97 0.96 0 0.96 0 0 0 0 0 0.96 0 0 0.98 0.97 0.96 0.97 0.97 0 0 0 0 0 0 0 0 0 0 0 0 0 0 0 0 0 0 0 0 0 0 0 0 0 0 0 0 0 0 0.99 0.99 0.99 0.99 0.99 0 0 0.99 0.99 0.99 0.99 0.94 0.9 0.91 0.94 0.99 0.99 0.99 0.99 0 0 0 0 0 0 0 0 0.99 0.99 0.76 0 0.76 0.77 0.74 0.96 0.96 0.97 0.97 0.96 0.97 0.95 0.97 0.96 0.96 0.95 0 0.96 0.98 0 0.97 0.97 0.96 0.97 0.97 0.96 0.96 0.96 0.97 0.96 0.98 0.97 0.89 0.93 0.92 0 0.89 0.93 0.86 0.93 
1.0 1.0 1.0 1.0 1.0 1.0 1.0 1.0 1.0 0 0 0 0 0 0 1.0 1.0 0 1.0 1.0 0 0 0 0 1.0 1.0 0 1.0 1.0 1.0 0 0 0 0 1.0 1.0 1.0 1.0 1.0 0 1.0 1.0 1.0 1.0 0 0 1.0 1.0 1.0 1.0 1.0 0 0 0 0 0 0 0 0 1.0 1.0 1.0 1.0 0 1.0 0 0 0 0 0 1.0 0 0 1.0 1.0 1.0 1.0 1.0 0 0 0 0 0 0 0 0 0 0 0 0 0 0 0 0 0 0 0 0 0 0 0 0 0 0 0 0 0 0 1.0 1.0 1.0 1.0 1.0 0 0 1.0 1.0 1.0 1.0 1.0 0.98 0.99 0.98 1.0 1.0 1.0 1.0 0 0 0 0 0 0 0 0 1.0 1.0 0.88 0 0.89 0.87 0.89 1.0 1.0 1.0 1.0 1.0 1.0 1.0 1.0 1.0 1.0 1.0 0 1.0 1.0 0 1.0 1.0 1.0 1.0 1.0 1.0 1.0 1.0 1.0 1.0 1.0 1.0 0.99 0.99 0.98 0 0.99 0.99 0.98 0.98 
1.0 1.0 1.0 1.0 1.0 1.0 1.0 1.0 1.0 0 0 0 0 0 0 1.0 1.0 0 1.0 1.0 0 0 0 0 1.0 1.0 0 1.0 1.0 1.0 0 0 0 0 1.0 1.0 1.0 1.0 1.0 0 1.0 1.0 1.0 1.0 0 0 1.0 1.0 1.0 1.0 1.0 0 0 0 0 0 0 0 0 1.0 1.0 1.0 1.0 0 1.0 0 0 0 0 0 1.0 0 0 1.0 1.0 1.0 1.0 1.0 0 0 0 0 0 0 0 0 0 0 0 0 0 0 0 0 0 0 0 0 0 0 0 0 0 0 0 0 0 0 1.0 1.0 1.0 1.0 1.0 0 0 1.0 1.0 1.0 1.0 1.0 0.96 0.95 0.96 1.0 1.0 1.0 1.0 0 0 0 0 0 0 0 0 1.0 1.0 0.87 0 0.87 0.9 0.88 1.0 1.0 1.0 1.0 1.0 1.0 1.0 1.0 1.0 1.0 1.0 0 1.0 1.0 0 1.0 1.0 1.0 1.0 1.0 1.0 1.0 1.0 1.0 1.0 1.0 1.0 0.95 0.96 0.97 0 0.96 0.97 0.97 0.95 
1.0 1.0 1.0 1.0 1.0 1.0 1.0 1.0 1.0 0 0 0 0 0 0 1.0 1.0 0 1.0 1.0 0 0 0 0 1.0 1.0 0 1.0 1.0 1.0 0 0 0 0 1.0 1.0 1.0 1.0 1.0 0 1.0 1.0 1.0 1.0 0 0 0.99 0.99 1.0 1.0 1.0 0 0 0 0 0 0 0 0 1.0 0.99 0.99 0.99 0 1.0 0 0 0 0 0 0.99 0 0 0.99 0.99 0.99 0.99 1.0 0 0 0 0 0 0 0 0 0 0 0 0 0 0 0 0 0 0 0 0 0 0 0 0 0 0 0 0 0 0 1.0 1.0 1.0 1.0 1.0 0 0 1.0 1.0 1.0 1.0 0.99 0.96 0.97 0.97 1.0 1.0 1.0 1.0 0 0 0 0 0 0 0 0 1.0 1.0 0.88 0 0.9 0.87 0.88 0.99 1.0 1.0 0.99 0.99 0.99 1.0 0.99 0.99 0.99 1.0 0 0.99 0.99 0 0.99 1.0 0.99 0.99 0.99 0.99 0.99 1.0 0.99 1.0 0.99 1.0 0.97 0.98 0.98 0 0.97 0.97 0.97 0.97 
1.0 1.0 1.0 1.0 1.0 1.0 1.0 1.0 1.0 0 0 0 0 0 0 1.0 1.0 0 1.0 1.0 0 0 0 0 1.0 1.0 0 1.0 1.0 1.0 0 0 0 0 1.0 1.0 1.0 1.0 1.0 0 1.0 1.0 1.0 1.0 0 0 1.0 1.0 1.0 1.0 1.0 0 0 0 0 0 0 0 0 1.0 1.0 1.0 1.0 0 1.0 0 0 0 0 0 1.0 0 0 1.0 1.0 1.0 1.0 1.0 0 0 0 0 0 0 0 0 0 0 0 0 0 0 0 0 0 0 0 0 0 0 0 0 0 0 0 0 0 0 1.0 1.0 1.0 1.0 1.0 0 0 1.0 1.0 1.0 1.0 1.0 0.99 0.99 0.99 1.0 1.0 1.0 1.0 0 0 0 0 0 0 0 0 1.0 1.0 0.91 0 0.87 0.9 0.89 1.0 1.0 1.0 1.0 1.0 1.0 1.0 1.0 1.0 1.0 1.0 0 1.0 1.0 0 1.0 1.0 1.0 1.0 1.0 1.0 1.0 1.0 1.0 1.0 1.0 1.0 0.99 0.99 0.99 0 0.98 0.99 0.99 0.99 
1.0 1.0 1.0 1.0 1.0 1.0 1.0 1.0 1.0 0 0 0 0 0 0 1.0 1.0 0 1.0 1.0 0 0 0 0 1.0 1.0 0 1.0 1.0 1.0 0 0 0 0 1.0 1.0 1.0 1.0 1.0 0 1.0 1.0 1.0 1.0 0 0 1.0 1.0 1.0 1.0 1.0 0 0 0 0 0 0 0 0 1.0 1.0 1.0 1.0 0 1.0 0 0 0 0 0 1.0 0 0 1.0 1.0 1.0 1.0 1.0 0 0 0 0 0 0 0 0 0 0 0 0 0 0 0 0 0 0 0 0 0 0 0 0 0 0 0 0 0 0 1.0 1.0 1.0 1.0 1.0 0 0 1.0 1.0 1.0 1.0 1.0 0.98 0.98 0.97 1.0 1.0 1.0 1.0 0 0 0 0 0 0 0 0 1.0 1.0 0.86 0 0.85 0.86 0.87 1.0 1.0 1.0 1.0 1.0 1.0 1.0 1.0 1.0 1.0 1.0 0 1.0 1.0 0 1.0 1.0 1.0 1.0 1.0 1.0 1.0 1.0 1.0 1.0 1.0 1.0 0.98 0.97 0.97 0 0.97 0.98 0.96 0.98 
0.99 0.99 0.99 0.99 1.0 1.0 0.99 0.99 0.99 0 0 0 0 0 0 0.99 0.99 0 0.99 0.99 0 0 0 0 0.99 0.99 0 0.99 1.0 0.99 0 0 0 0 0.99 1.0 0.99 0.99 0.99 0 1.0 0.99 0.99 0.99 0 0 0 0 0.99 0.99 0.99 0 0 0 0 0 0 0 0 0 0 0 0 0 0 0 0 0 0 0 0 0 0 0 0 0 0 0 0 0 0 0 0 0 0 0 0 0 0 0 0 0 0 0 0 0 0 0 0 0 0 0 0 0 0 0 0 0 0.99 1.0 0.99 0.99 0.99 0 0 0.99 0.99 0.99 0.99 0 0.98 0.97 0.98 0.99 0.99 0.99 0.99 0 0 0 0 0 0 0 0 0.99 0.99 0.94 0 0.92 0.96 0.95 0 0 0 0 0 0 0 0 0 0 0 0 0 0 0 0 0 0 0 0 0 0 0 0 0 0 0 0.98 0.97 0.97 0 0.98 0.96 0.98 0.99 
1.0 1.0 1.0 1.0 1.0 1.0 1.0 1.0 1.0 0 0 0 0 0 0 1.0 1.0 0 1.0 1.0 0 0 0 0 1.0 1.0 0 1.0 1.0 1.0 0 0 0 0 1.0 1.0 1.0 1.0 1.0 0 1.0 1.0 1.0 1.0 0 0 1.0 1.0 1.0 1.0 1.0 0 0 0 0 0 0 0 0 1.0 1.0 1.0 1.0 0 1.0 0 0 0 0 0 1.0 0 0 1.0 1.0 1.0 1.0 1.0 0 0 0 0 0 0 0 0 0 0 0 0 0 0 0 0 0 0 0 0 0 0 0 0 0 0 0 0 0 0 1.0 1.0 1.0 1.0 1.0 0 0 1.0 1.0 1.0 1.0 0.99 0.89 0.92 0.93 1.0 1.0 1.0 1.0 0 0 0 0 0 0 0 0 1.0 1.0 0.81 0 0.82 0.79 0.79 1.0 1.0 1.0 1.0 1.0 0.99 1.0 1.0 1.0 0.99 1.0 0 1.0 1.0 0 1.0 1.0 1.0 0.99 1.0 1.0 1.0 1.0 1.0 1.0 1.0 1.0 0.94 0.91 0.92 0 0.91 0.91 0.94 0.9 
1.0 1.0 1.0 1.0 1.0 1.0 1.0 1.0 1.0 0 0 0 0 0 0 1.0 1.0 0 1.0 1.0 0 0 0 0 1.0 1.0 0 1.0 1.0 1.0 0 0 0 0 1.0 1.0 1.0 1.0 1.0 0 1.0 1.0 1.0 1.0 0 0 1.0 1.0 1.0 1.0 1.0 0 0 0 0 0 0 0 0 1.0 1.0 1.0 1.0 0 1.0 0 0 0 0 0 1.0 0 0 1.0 1.0 1.0 1.0 1.0 0 0 0 0 0 0 0 0 0 0 0 0 0 0 0 0 0 0 0 0 0 0 0 0 0 0 0 0 0 0 1.0 1.0 1.0 1.0 1.0 0 0 1.0 1.0 1.0 1.0 1.0 0.97 0.97 0.96 1.0 1.0 1.0 1.0 0 0 0 0 0 0 0 0 1.0 1.0 0.87 0 0.83 0.91 0.9 1.0 1.0 1.0 1.0 1.0 1.0 1.0 1.0 1.0 1.0 1.0 0 1.0 1.0 0 1.0 1.0 1.0 1.0 1.0 1.0 1.0 1.0 1.0 1.0 1.0 1.0 0.96 0.96 0.95 0 0.96 0.96 0.96 0.95 
1.0 0.99 1.0 1.0 1.0 1.0 1.0 1.0 1.0 0 0 0 0 0 0 1.0 1.0 0 1.0 1.0 0 0 0 0 1.0 1.0 0 1.0 1.0 1.0 0 0 0 0 1.0 1.0 1.0 1.0 1.0 0 1.0 1.0 1.0 1.0 0 0 1.0 0.99 1.0 1.0 1.0 0 0 0 0 0 0 0 0 0.99 1.0 1.0 1.0 0 1.0 0 0 0 0 0 1.0 0 0 1.0 1.0 1.0 1.0 1.0 0 0 0 0 0 0 0 0 0 0 0 0 0 0 0 0 0 0 0 0 0 0 0 0 0 0 0 0 0 0 1.0 1.0 1.0 1.0 1.0 0 0 1.0 1.0 1.0 1.0 1.0 0.91 0.92 0.94 1.0 0.99 1.0 1.0 0 0 0 0 0 0 0 0 1.0 1.0 0.83 0 0.8 0.87 0.86 1.0 1.0 1.0 1.0 1.0 1.0 0.99 1.0 0.99 1.0 0.99 0 1.0 1.0 0 1.0 1.0 1.0 1.0 0.99 1.0 1.0 0.99 1.0 1.0 1.0 1.0 0.89 0.92 0.93 0 0.89 0.89 0.89 0.94 
1.0 1.0 1.0 1.0 1.0 1.0 1.0 1.0 1.0 0 0 0 0 0 0 1.0 1.0 0 1.0 1.0 0 0 0 0 1.0 1.0 0 1.0 1.0 1.0 0 0 0 0 1.0 1.0 1.0 1.0 1.0 0 1.0 1.0 1.0 1.0 0 0 1.0 1.0 1.0 1.0 1.0 0 0 0 0 0 0 0 0 1.0 1.0 1.0 1.0 0 1.0 0 0 0 0 0 1.0 0 0 1.0 1.0 1.0 1.0 1.0 0 0 0 0 0 0 0 0 0 0 0 0 0 0 0 0 0 0 0 0 0 0 0 0 0 0 0 0 0 0 1.0 1.0 1.0 1.0 1.0 0 0 1.0 1.0 1.0 1.0 1.0 0.91 0.95 0.95 1.0 1.0 1.0 1.0 0 0 0 0 0 0 0 0 1.0 1.0 0.83 0 0.84 0.87 0.84 1.0 1.0 1.0 1.0 1.0 1.0 1.0 1.0 1.0 1.0 1.0 0 1.0 1.0 0 1.0 1.0 1.0 1.0 1.0 1.0 1.0 1.0 1.0 1.0 1.0 1.0 0.93 0.93 0.95 0 0.92 0.92 0.92 0.94 
1.0 1.0 1.0 1.0 1.0 1.0 1.0 1.0 1.0 0 0 0 0 0 0 1.0 1.0 0 1.0 1.0 0 0 0 0 1.0 1.0 0 1.0 1.0 1.0 0 0 0 0 1.0 1.0 1.0 1.0 1.0 0 1.0 1.0 1.0 1.0 0 0 1.0 1.0 1.0 1.0 1.0 0 0 0 0 0 0 0 0 1.0 1.0 1.0 1.0 0 1.0 0 0 0 0 0 1.0 0 0 1.0 1.0 1.0 1.0 1.0 0 0 0 0 0 0 0 0 0 0 0 0 0 0 0 0 0 0 0 0 0 0 0 0 0 0 0 0 0 0 1.0 1.0 1.0 1.0 1.0 0 0 1.0 1.0 1.0 1.0 1.0 0.98 0.98 0.98 1.0 1.0 1.0 1.0 0 0 0 0 0 0 0 0 1.0 1.0 0.92 0 0.93 0.88 0.89 1.0 1.0 1.0 1.0 1.0 1.0 1.0 1.0 1.0 1.0 1.0 0 1.0 1.0 0 1.0 1.0 1.0 1.0 1.0 1.0 1.0 1.0 1.0 1.0 1.0 1.0 0.99 0.98 0.99 0 0.98 0.98 0.99 0.98 
1.0 0.99 1.0 1.0 1.0 1.0 1.0 1.0 1.0 0 0 0 0 0 0 1.0 0.99 0 0.99 1.0 0 0 0 0 1.0 0.99 0 1.0 1.0 1.0 0 0 0 0 0.99 0.99 0.99 1.0 1.0 0 1.0 0.99 1.0 1.0 0 0 0.84 0.77 1.0 1.0 1.0 0 0 0 0 0 0 0 0 0.69 0.83 0.81 0.82 0 0.87 0 0 0 0 0 0.71 0 0 0.84 0.82 0.7 0.8 0.76 0 0 0 0 0 0 0 0 0 0 0 0 0 0 0 0 0 0 0 0 0 0 0 0 0 0 0 0 0 0 0.99 1.0 0.99 0.99 1.0 0 0 1.0 1.0 1.0 1.0 0.81 0.96 0.94 0.97 0.99 0.99 1.0 0.99 0 0 0 0 0 0 0 0 1.0 1.0 0.92 0 0.89 0.9 0.92 0.71 0.77 0.82 0.82 0.73 0.85 0.66 0.8 0.77 0.75 0.7 0 0.79 0.85 0 0.76 0.87 0.81 0.83 0.82 0.79 0.88 0.81 0.87 0.74 0.76 0.81 0.93 0.96 0.97 0 0.95 0.97 0.97 0.97 
1.0 1.0 1.0 1.0 1.0 1.0 1.0 1.0 1.0 0 0 0 0 0 0 1.0 1.0 0 1.0 1.0 0 0 0 0 1.0 1.0 0 1.0 1.0 1.0 0 0 0 0 1.0 1.0 1.0 1.0 1.0 0 1.0 1.0 1.0 1.0 0 0 0 0 1.0 1.0 1.0 0 0 0 0 0 0 0 0 0 0 0 0 0 0 0 0 0 0 0 0 0 0 0 0 0 0 0 0 0 0 0 0 0 0 0 0 0 0 0 0 0 0 0 0 0 0 0 0 0 0 0 0 0 0 0 0 0 1.0 1.0 1.0 1.0 1.0 0 0 1.0 1.0 1.0 1.0 0 1.0 0.99 1.0 1.0 1.0 1.0 1.0 0 0 0 0 0 0 0 0 1.0 1.0 0.98 0 0.98 0.99 0.99 0 0 0 0 0 0 0 0 0 0 0 0 0 0 0 0 0 0 0 0 0 0 0 0 0 0 0 0.99 1.0 0.99 0 1.0 0.99 1.0 1.0 
0.99 0.99 1.0 0.99 1.0 1.0 1.0 0.99 1.0 0 0 0 0 0 0 0.99 0.99 0 0.99 0.99 0 0 0 0 0.99 0.99 0 1.0 1.0 1.0 0 0 0 0 0.99 0.99 0.99 1.0 1.0 0 1.0 1.0 1.0 0.99 0 0 0.95 0.95 1.0 1.0 1.0 0 0 0 0 0 0 0 0 0.92 0.95 0.94 0.94 0 0.91 0 0 0 0 0 0.91 0 0 0.94 0.94 0.94 0.93 0.9 0 0 0 0 0 0 0 0 0 0 0 0 0 0 0 0 0 0 0 0 0 0 0 0 0 0 0 0 0 0 1.0 1.0 0.99 1.0 1.0 0 0 1.0 1.0 0.99 1.0 0.92 0.94 0.97 0.95 0.99 0.99 1.0 1.0 0 0 0 0 0 0 0 0 0.99 0.99 0.83 0 0.85 0.87 0.88 0.91 0.91 0.93 0.94 0.92 0.94 0.91 0.93 0.93 0.94 0.93 0 0.91 0.95 0 0.92 0.92 0.94 0.92 0.93 0.94 0.93 0.95 0.94 0.94 0.88 0.94 0.96 0.95 0.95 0 0.96 0.96 0.93 0.94 
1.0 1.0 1.0 1.0 1.0 1.0 1.0 1.0 1.0 0 0 0 0 0 0 1.0 1.0 0 1.0 1.0 0 0 0 0 1.0 1.0 0 1.0 1.0 1.0 0 0 0 0 1.0 1.0 1.0 1.0 1.0 0 1.0 1.0 1.0 1.0 0 0 1.0 1.0 1.0 1.0 1.0 0 0 0 0 0 0 0 0 1.0 1.0 1.0 1.0 0 1.0 0 0 0 0 0 1.0 0 0 1.0 1.0 1.0 1.0 1.0 0 0 0 0 0 0 0 0 0 0 0 0 0 0 0 0 0 0 0 0 0 0 0 0 0 0 0 0 0 0 1.0 1.0 1.0 1.0 1.0 0 0 1.0 1.0 1.0 1.0 1.0 0.99 0.98 0.99 1.0 1.0 1.0 1.0 0 0 0 0 0 0 0 0 1.0 1.0 0.92 0 0.92 0.92 0.91 1.0 1.0 1.0 1.0 1.0 1.0 1.0 1.0 1.0 1.0 1.0 0 1.0 1.0 0 1.0 1.0 1.0 1.0 1.0 1.0 1.0 1.0 1.0 1.0 1.0 1.0 0.99 0.98 0.99 0 0.98 0.98 0.99 0.99 
1.0 1.0 1.0 1.0 1.0 1.0 1.0 1.0 1.0 0 0 0 0 0 0 1.0 1.0 0 1.0 1.0 0 0 0 0 1.0 1.0 0 1.0 1.0 1.0 0 0 0 0 1.0 1.0 1.0 1.0 1.0 0 1.0 1.0 1.0 1.0 0 0 1.0 1.0 1.0 1.0 1.0 0 0 0 0 0 0 0 0 1.0 1.0 1.0 1.0 0 1.0 0 0 0 0 0 1.0 0 0 1.0 1.0 1.0 1.0 1.0 0 0 0 0 0 0 0 0 0 0 0 0 0 0 0 0 0 0 0 0 0 0 0 0 0 0 0 0 0 0 1.0 1.0 1.0 1.0 1.0 0 0 1.0 1.0 1.0 1.0 1.0 0.93 0.95 0.95 1.0 1.0 1.0 1.0 0 0 0 0 0 0 0 0 1.0 1.0 0.82 0 0.84 0.76 0.77 1.0 1.0 1.0 1.0 1.0 1.0 1.0 1.0 1.0 1.0 1.0 0 1.0 1.0 0 1.0 1.0 1.0 1.0 1.0 1.0 1.0 1.0 1.0 1.0 1.0 1.0 0.96 0.95 0.97 0 0.94 0.95 0.94 0.96 
1.0 1.0 1.0 1.0 1.0 1.0 1.0 1.0 1.0 0 0 0 0 0 0 1.0 1.0 0 1.0 1.0 0 0 0 0 1.0 1.0 0 1.0 1.0 1.0 0 0 0 0 1.0 1.0 1.0 1.0 1.0 0 1.0 1.0 1.0 1.0 0 0 0.96 0.95 1.0 1.0 1.0 0 0 0 0 0 0 0 0 0.97 0.95 0.95 0.95 0 0.94 0 0 0 0 0 0.96 0 0 0.97 0.96 0.94 0.95 0.96 0 0 0 0 0 0 0 0 0 0 0 0 0 0 0 0 0 0 0 0 0 0 0 0 0 0 0 0 0 0 1.0 1.0 1.0 1.0 1.0 0 0 1.0 1.0 1.0 1.0 0.97 0.98 0.97 0.97 1.0 1.0 1.0 1.0 0 0 0 0 0 0 0 0 1.0 1.0 0.91 0 0.89 0.91 0.92 0.97 0.96 0.96 0.97 0.94 0.95 0.96 0.97 0.96 0.95 0.97 0 0.94 0.95 0 0.96 0.97 0.96 0.97 0.92 0.94 0.94 0.96 0.96 0.97 0.96 0.97 0.97 0.98 0.98 0 0.98 0.97 0.96 0.98 
1.0 1.0 1.0 1.0 1.0 1.0 1.0 1.0 1.0 0 0 0 0 0 0 1.0 1.0 0 1.0 1.0 0 0 0 0 1.0 1.0 0 1.0 1.0 1.0 0 0 0 0 1.0 1.0 1.0 1.0 1.0 0 1.0 1.0 1.0 1.0 0 0 1.0 1.0 1.0 1.0 1.0 0 0 0 0 0 0 0 0 1.0 1.0 1.0 1.0 0 1.0 0 0 0 0 0 1.0 0 0 1.0 1.0 1.0 1.0 1.0 0 0 0 0 0 0 0 0 0 0 0 0 0 0 0 0 0 0 0 0 0 0 0 0 0 0 0 0 0 0 1.0 1.0 1.0 1.0 1.0 0 0 1.0 1.0 1.0 1.0 1.0 0.98 0.97 0.98 1.0 1.0 1.0 1.0 0 0 0 0 0 0 0 0 1.0 1.0 0.85 0 0.85 0.8 0.83 1.0 1.0 1.0 1.0 1.0 1.0 1.0 1.0 1.0 1.0 1.0 0 1.0 1.0 0 1.0 1.0 1.0 1.0 1.0 1.0 1.0 1.0 1.0 1.0 1.0 1.0 0.98 0.98 0.97 0 0.98 0.98 0.97 0.97 
1.0 1.0 1.0 1.0 1.0 1.0 1.0 1.0 1.0 0 0 0 0 0 0 1.0 1.0 0 1.0 1.0 0 0 0 0 1.0 1.0 0 1.0 1.0 1.0 0 0 0 0 1.0 1.0 1.0 1.0 1.0 0 1.0 1.0 1.0 1.0 0 0 0.99 1.0 1.0 1.0 1.0 0 0 0 0 0 0 0 0 0.99 0.99 0.99 1.0 0 1.0 0 0 0 0 0 1.0 0 0 0.99 1.0 1.0 1.0 0.99 0 0 0 0 0 0 0 0 0 0 0 0 0 0 0 0 0 0 0 0 0 0 0 0 0 0 0 0 0 0 1.0 1.0 1.0 1.0 1.0 0 0 1.0 1.0 1.0 1.0 0.99 0.97 0.97 0.98 1.0 1.0 1.0 1.0 0 0 0 0 0 0 0 0 1.0 1.0 0.91 0 0.91 0.92 0.92 0.99 0.99 0.99 0.99 0.99 1.0 0.99 1.0 0.99 1.0 1.0 0 1.0 1.0 0 0.99 0.99 1.0 0.99 1.0 1.0 0.99 0.99 1.0 0.99 0.99 1.0 0.97 0.95 0.97 0 0.97 0.98 0.98 0.97 
0.99 0.99 0.99 0.99 0.99 1.0 1.0 0.99 0.99 0 0 0 0 0 0 0.99 0.99 0 0.99 0.99 0 0 0 0 0.99 0.99 0 0.99 1.0 0.99 0 0 0 0 0.99 0.99 0.99 0.99 0.99 0 1.0 0.99 0.99 0.99 0 0 0.88 0.92 0.99 0.99 0.99 0 0 0 0 0 0 0 0 0.91 0.88 0.86 0.88 0 0.89 0 0 0 0 0 0.89 0 0 0.89 0.88 0.92 0.89 0.88 0 0 0 0 0 0 0 0 0 0 0 0 0 0 0 0 0 0 0 0 0 0 0 0 0 0 0 0 0 0 0.99 1.0 0.99 0.99 0.99 0 0 1.0 0.99 0.99 0.99 0.89 0.94 0.93 0.94 0.99 0.99 0.99 0.99 0 0 0 0 0 0 0 0 0.99 0.99 0.87 0 0.81 0.85 0.85 0.92 0.92 0.88 0.91 0.87 0.89 0.9 0.9 0.92 0.86 0.9 0 0.9 0.85 0 0.89 0.88 0.91 0.89 0.88 0.91 0.88 0.91 0.87 0.92 0.92 0.89 0.95 0.93 0.93 0 0.95 0.94 0.95 0.94 
1.0 0.99 1.0 1.0 0.99 1.0 1.0 1.0 1.0 0 0 0 0 0 0 1.0 0.99 0 0.99 1.0 0 0 0 0 1.0 1.0 0 1.0 1.0 1.0 0 0 0 0 0.99 0.99 0.99 1.0 1.0 0 1.0 1.0 1.0 1.0 0 0 0.99 0.99 1.0 1.0 1.0 0 0 0 0 0 0 0 0 0.99 0.99 0.99 0.99 0 0.99 0 0 0 0 0 0.98 0 0 0.99 0.99 0.99 0.99 0.99 0 0 0 0 0 0 0 0 0 0 0 0 0 0 0 0 0 0 0 0 0 0 0 0 0 0 0 0 0 0 1.0 1.0 1.0 1.0 1.0 0 0 1.0 1.0 1.0 1.0 0.98 0.89 0.92 0.95 0.99 1.0 1.0 0.99 0 0 0 0 0 0 0 0 1.0 0.99 0.74 0 0.78 0.72 0.72 0.98 0.99 0.99 0.99 0.99 0.99 0.98 0.99 0.99 0.99 0.98 0 0.99 0.99 0 0.99 0.99 0.99 0.98 0.99 0.99 0.99 0.99 0.99 0.99 0.99 0.99 0.91 0.92 0.92 0 0.89 0.93 0.88 0.92 
1.0 1.0 1.0 1.0 1.0 1.0 1.0 1.0 1.0 0 0 0 0 0 0 1.0 1.0 0 1.0 1.0 0 0 0 0 1.0 1.0 0 1.0 1.0 1.0 0 0 0 0 1.0 1.0 1.0 1.0 1.0 0 1.0 1.0 1.0 1.0 0 0 0.93 0.94 1.0 1.0 1.0 0 0 0 0 0 0 0 0 0.93 0.95 0.93 0.97 0 0.95 0 0 0 0 0 0.97 0 0 0.96 0.97 0.94 0.97 0.97 0 0 0 0 0 0 0 0 0 0 0 0 0 0 0 0 0 0 0 0 0 0 0 0 0 0 0 0 0 0 1.0 1.0 1.0 1.0 1.0 0 0 1.0 1.0 1.0 1.0 0.96 0.98 0.98 0.99 1.0 1.0 1.0 1.0 0 0 0 0 0 0 0 0 1.0 1.0 0.95 0 0.96 0.96 0.96 0.94 0.93 0.94 0.96 0.94 0.96 0.93 0.96 0.94 0.96 0.95 0 0.94 0.97 0 0.94 0.97 0.96 0.94 0.95 0.96 0.96 0.93 0.95 0.93 0.94 0.96 0.98 0.98 0.99 0 0.98 0.99 0.98 0.99 
1.0 1.0 1.0 1.0 1.0 1.0 1.0 1.0 1.0 0 0 0 0 0 0 1.0 1.0 0 1.0 1.0 0 0 0 0 1.0 1.0 0 1.0 1.0 1.0 0 0 0 0 1.0 1.0 1.0 1.0 1.0 0 1.0 1.0 1.0 1.0 0 0 1.0 1.0 1.0 1.0 1.0 0 0 0 0 0 0 0 0 1.0 1.0 1.0 1.0 0 1.0 0 0 0 0 0 1.0 0 0 1.0 1.0 1.0 1.0 1.0 0 0 0 0 0 0 0 0 0 0 0 0 0 0 0 0 0 0 0 0 0 0 0 0 0 0 0 0 0 0 1.0 1.0 1.0 1.0 1.0 0 0 1.0 1.0 1.0 1.0 1.0 0.98 0.99 0.97 1.0 1.0 1.0 1.0 0 0 0 0 0 0 0 0 1.0 1.0 0.89 0 0.92 0.88 0.88 1.0 1.0 1.0 1.0 1.0 1.0 1.0 1.0 1.0 1.0 1.0 0 1.0 1.0 0 1.0 1.0 1.0 1.0 1.0 1.0 1.0 1.0 1.0 1.0 1.0 1.0 0.99 0.99 0.99 0 0.99 0.98 0.98 0.99 
0.98 0.97 0.99 0.97 0.98 0.98 0.99 0.98 0.98 0 0 0 0 0 0 0.99 0.98 0 0.97 0.99 0 0 0 0 0.98 0.97 0 0.98 0.98 0.98 0 0 0 0 0.98 0.97 0.98 0.99 0.99 0 0.98 0.98 0.98 0.98 0 0 0.95 0.95 0.99 0.99 0.97 0 0 0 0 0 0 0 0 0.93 0.95 0.96 0.97 0 0.95 0 0 0 0 0 0.96 0 0 0.95 0.96 0.94 0.95 0.96 0 0 0 0 0 0 0 0 0 0 0 0 0 0 0 0 0 0 0 0 0 0 0 0 0 0 0 0 0 0 0.99 0.98 0.98 0.99 0.98 0 0 0.97 0.98 0.98 0.99 0.93 0.82 0.85 0.91 0.98 0.97 0.98 0.98 0 0 0 0 0 0 0 0 0.98 0.98 0.76 0 0.76 0.75 0.75 0.94 0.95 0.94 0.95 0.95 0.96 0.94 0.94 0.95 0.96 0.94 0 0.96 0.97 0 0.97 0.95 0.97 0.95 0.97 0.97 0.95 0.95 0.95 0.95 0.96 0.96 0.84 0.84 0.86 0 0.82 0.87 0.84 0.88 
1.0 1.0 1.0 1.0 1.0 1.0 1.0 1.0 1.0 0 0 0 0 0 0 1.0 1.0 0 1.0 1.0 0 0 0 0 1.0 1.0 0 1.0 1.0 1.0 0 0 0 0 1.0 1.0 1.0 1.0 1.0 0 1.0 1.0 1.0 1.0 0 0 1.0 1.0 1.0 1.0 1.0 0 0 0 0 0 0 0 0 1.0 1.0 1.0 1.0 0 1.0 0 0 0 0 0 1.0 0 0 1.0 1.0 1.0 1.0 1.0 0 0 0 0 0 0 0 0 0 0 0 0 0 0 0 0 0 0 0 0 0 0 0 0 0 0 0 0 0 0 1.0 1.0 1.0 1.0 1.0 0 0 1.0 1.0 1.0 1.0 1.0 0.97 0.96 0.96 1.0 1.0 1.0 1.0 0 0 0 0 0 0 0 0 1.0 1.0 0.88 0 0.87 0.87 0.85 1.0 1.0 1.0 1.0 1.0 1.0 1.0 1.0 1.0 1.0 1.0 0 1.0 1.0 0 1.0 1.0 1.0 1.0 1.0 1.0 1.0 1.0 1.0 1.0 1.0 1.0 0.96 0.96 0.98 0 0.96 0.97 0.98 0.97 
1.0 1.0 1.0 1.0 1.0 1.0 1.0 1.0 1.0 0 0 0 0 0 0 1.0 1.0 0 1.0 1.0 0 0 0 0 1.0 1.0 0 1.0 1.0 1.0 0 0 0 0 1.0 1.0 1.0 1.0 1.0 0 1.0 1.0 1.0 1.0 0 0 0.97 0.97 1.0 1.0 1.0 0 0 0 0 0 0 0 0 0.98 0.95 0.97 0.98 0 0.98 0 0 0 0 0 0.97 0 0 0.96 0.97 0.97 0.97 0.97 0 0 0 0 0 0 0 0 0 0 0 0 0 0 0 0 0 0 0 0 0 0 0 0 0 0 0 0 0 0 1.0 1.0 1.0 1.0 1.0 0 0 1.0 1.0 1.0 1.0 0.97 0.99 0.99 0.98 1.0 1.0 1.0 1.0 0 0 0 0 0 0 0 0 1.0 1.0 0.94 0 0.94 0.96 0.96 0.97 0.97 0.97 0.97 0.98 0.97 0.97 0.98 0.97 0.98 0.98 0 0.97 0.97 0 0.98 0.97 0.98 0.97 0.97 0.98 0.97 0.98 0.97 0.98 0.97 0.98 0.99 0.98 0.98 0 0.99 0.98 0.98 0.99 
1.0 1.0 1.0 1.0 1.0 1.0 1.0 1.0 1.0 0 0 0 0 0 0 1.0 1.0 0 1.0 1.0 0 0 0 0 1.0 1.0 0 1.0 1.0 1.0 0 0 0 0 1.0 1.0 1.0 1.0 1.0 0 1.0 1.0 1.0 1.0 0 0 1.0 1.0 1.0 1.0 1.0 0 0 0 0 0 0 0 0 1.0 1.0 1.0 1.0 0 1.0 0 0 0 0 0 1.0 0 0 1.0 1.0 1.0 1.0 1.0 0 0 0 0 0 0 0 0 0 0 0 0 0 0 0 0 0 0 0 0 0 0 0 0 0 0 0 0 0 0 1.0 1.0 1.0 1.0 1.0 0 0 1.0 1.0 1.0 1.0 1.0 0.99 0.99 0.99 1.0 1.0 1.0 1.0 0 0 0 0 0 0 0 0 1.0 1.0 0.9 0 0.9 0.9 0.91 1.0 1.0 1.0 1.0 1.0 1.0 1.0 1.0 1.0 1.0 1.0 0 1.0 1.0 0 1.0 1.0 1.0 1.0 1.0 1.0 1.0 1.0 1.0 1.0 1.0 1.0 0.99 0.99 0.98 0 0.99 0.99 0.98 0.99 
1.0 1.0 1.0 1.0 1.0 1.0 1.0 1.0 1.0 0 0 0 0 0 0 1.0 1.0 0 1.0 1.0 0 0 0 0 1.0 1.0 0 1.0 1.0 1.0 0 0 0 0 1.0 1.0 1.0 1.0 1.0 0 1.0 1.0 1.0 1.0 0 0 1.0 1.0 1.0 1.0 1.0 0 0 0 0 0 0 0 0 1.0 1.0 1.0 1.0 0 1.0 0 0 0 0 0 1.0 0 0 1.0 1.0 1.0 1.0 1.0 0 0 0 0 0 0 0 0 0 0 0 0 0 0 0 0 0 0 0 0 0 0 0 0 0 0 0 0 0 0 1.0 1.0 1.0 1.0 1.0 0 0 1.0 1.0 1.0 1.0 1.0 0.98 0.98 0.97 1.0 1.0 1.0 1.0 0 0 0 0 0 0 0 0 1.0 1.0 0.87 0 0.87 0.84 0.85 1.0 1.0 1.0 1.0 1.0 1.0 1.0 1.0 1.0 1.0 1.0 0 1.0 1.0 0 1.0 1.0 1.0 1.0 1.0 1.0 1.0 1.0 1.0 1.0 1.0 1.0 0.98 0.98 0.98 0 0.98 0.98 0.98 0.96 
1.0 1.0 1.0 1.0 1.0 1.0 1.0 1.0 1.0 0 0 0 0 0 0 1.0 1.0 0 1.0 1.0 0 0 0 0 1.0 1.0 0 1.0 1.0 1.0 0 0 0 0 1.0 1.0 1.0 1.0 1.0 0 1.0 1.0 1.0 1.0 0 0 1.0 1.0 1.0 1.0 1.0 0 0 0 0 0 0 0 0 1.0 1.0 1.0 1.0 0 1.0 0 0 0 0 0 1.0 0 0 1.0 1.0 1.0 1.0 1.0 0 0 0 0 0 0 0 0 0 0 0 0 0 0 0 0 0 0 0 0 0 0 0 0 0 0 0 0 0 0 1.0 1.0 1.0 1.0 1.0 0 0 1.0 1.0 1.0 1.0 1.0 0.99 0.99 0.99 1.0 1.0 1.0 1.0 0 0 0 0 0 0 0 0 1.0 1.0 0.93 0 0.9 0.93 0.94 1.0 1.0 1.0 1.0 1.0 1.0 1.0 1.0 1.0 1.0 1.0 0 1.0 1.0 0 1.0 1.0 1.0 1.0 1.0 1.0 1.0 1.0 1.0 1.0 1.0 1.0 0.99 0.99 0.99 0 0.99 0.99 0.99 0.98 
1.0 1.0 1.0 1.0 1.0 1.0 1.0 1.0 1.0 0 0 0 0 0 0 1.0 1.0 0 1.0 1.0 0 0 0 0 1.0 1.0 0 1.0 1.0 1.0 0 0 0 0 1.0 1.0 1.0 1.0 1.0 0 1.0 1.0 1.0 1.0 0 0 1.0 1.0 1.0 1.0 1.0 0 0 0 0 0 0 0 0 1.0 1.0 1.0 1.0 0 1.0 0 0 0 0 0 1.0 0 0 1.0 1.0 1.0 1.0 1.0 0 0 0 0 0 0 0 0 0 0 0 0 0 0 0 0 0 0 0 0 0 0 0 0 0 0 0 0 0 0 1.0 1.0 1.0 1.0 1.0 0 0 1.0 1.0 1.0 1.0 1.0 0.95 0.97 0.97 1.0 1.0 1.0 1.0 0 0 0 0 0 0 0 0 1.0 1.0 0.88 0 0.88 0.9 0.88 1.0 1.0 1.0 1.0 1.0 1.0 1.0 1.0 1.0 1.0 1.0 0 1.0 1.0 0 1.0 1.0 1.0 1.0 1.0 1.0 1.0 1.0 1.0 1.0 1.0 1.0 0.97 0.97 0.98 0 0.96 0.96 0.97 0.96 
1.0 1.0 1.0 1.0 1.0 1.0 1.0 1.0 1.0 0 0 0 0 0 0 1.0 1.0 0 1.0 1.0 0 0 0 0 1.0 1.0 0 1.0 1.0 1.0 0 0 0 0 1.0 1.0 1.0 1.0 1.0 0 1.0 1.0 1.0 1.0 0 0 0.97 0.97 1.0 1.0 1.0 0 0 0 0 0 0 0 0 0.97 0.97 0.97 0.97 0 0.96 0 0 0 0 0 0.96 0 0 0.97 0.97 0.98 0.97 0.97 0 0 0 0 0 0 0 0 0 0 0 0 0 0 0 0 0 0 0 0 0 0 0 0 0 0 0 0 0 0 1.0 1.0 1.0 1.0 1.0 0 0 1.0 1.0 1.0 1.0 0.97 0.96 0.97 0.98 1.0 1.0 1.0 1.0 0 0 0 0 0 0 0 0 1.0 1.0 0.89 0 0.9 0.91 0.9 0.97 0.97 0.97 0.97 0.97 0.97 0.97 0.96 0.97 0.98 0.97 0 0.97 0.98 0 0.96 0.96 0.97 0.96 0.98 0.98 0.96 0.97 0.97 0.97 0.97 0.97 0.97 0.97 0.97 0 0.96 0.97 0.96 0.97 
1.0 1.0 1.0 1.0 1.0 1.0 1.0 1.0 1.0 0 0 0 0 0 0 1.0 1.0 0 1.0 1.0 0 0 0 0 1.0 1.0 0 1.0 1.0 1.0 0 0 0 0 1.0 1.0 1.0 1.0 1.0 0 1.0 1.0 1.0 1.0 0 0 0.97 0.97 1.0 1.0 1.0 0 0 0 0 0 0 0 0 0.98 0.98 0.98 0.98 0 0.98 0 0 0 0 0 0.97 0 0 0.98 0.98 0.97 0.97 0.98 0 0 0 0 0 0 0 0 0 0 0 0 0 0 0 0 0 0 0 0 0 0 0 0 0 0 0 0 0 0 1.0 1.0 1.0 1.0 1.0 0 0 1.0 1.0 1.0 1.0 0.97 0.96 0.97 0.97 1.0 1.0 1.0 1.0 0 0 0 0 0 0 0 0 1.0 1.0 0.88 0 0.91 0.89 0.9 0.96 0.97 0.98 0.97 0.98 0.97 0.97 0.98 0.96 0.98 0.98 0 0.97 0.98 0 0.96 0.97 0.97 0.97 0.97 0.98 0.97 0.98 0.97 0.98 0.97 0.98 0.96 0.98 0.98 0 0.97 0.97 0.96 0.97 
1.0 1.0 1.0 1.0 1.0 1.0 1.0 1.0 1.0 0 0 0 0 0 0 1.0 1.0 0 1.0 1.0 0 0 0 0 1.0 1.0 0 1.0 1.0 1.0 0 0 0 0 1.0 1.0 1.0 1.0 1.0 0 1.0 1.0 1.0 1.0 0 0 1.0 1.0 1.0 1.0 1.0 0 0 0 0 0 0 0 0 1.0 1.0 1.0 1.0 0 1.0 0 0 0 0 0 1.0 0 0 1.0 1.0 1.0 1.0 1.0 0 0 0 0 0 0 0 0 0 0 0 0 0 0 0 0 0 0 0 0 0 0 0 0 0 0 0 0 0 0 1.0 1.0 1.0 1.0 1.0 0 0 1.0 1.0 1.0 1.0 1.0 0.98 0.98 0.97 1.0 1.0 1.0 1.0 0 0 0 0 0 0 0 0 1.0 1.0 0.87 0 0.87 0.86 0.87 1.0 1.0 1.0 1.0 1.0 1.0 1.0 1.0 1.0 1.0 1.0 0 1.0 1.0 0 1.0 1.0 1.0 1.0 1.0 1.0 1.0 1.0 1.0 1.0 1.0 1.0 0.99 0.98 0.97 0 0.98 0.98 0.98 0.97 
1.0 1.0 1.0 1.0 1.0 1.0 1.0 1.0 1.0 0 0 0 0 0 0 1.0 1.0 0 1.0 1.0 0 0 0 0 1.0 1.0 0 1.0 1.0 1.0 0 0 0 0 1.0 1.0 1.0 1.0 1.0 0 1.0 1.0 1.0 1.0 0 0 1.0 1.0 1.0 1.0 1.0 0 0 0 0 0 0 0 0 1.0 1.0 1.0 1.0 0 1.0 0 0 0 0 0 1.0 0 0 1.0 1.0 1.0 1.0 1.0 0 0 0 0 0 0 0 0 0 0 0 0 0 0 0 0 0 0 0 0 0 0 0 0 0 0 0 0 0 0 1.0 1.0 1.0 1.0 1.0 0 0 1.0 1.0 1.0 1.0 1.0 0.99 0.99 0.99 1.0 1.0 1.0 1.0 0 0 0 0 0 0 0 0 1.0 1.0 0.94 0 0.94 0.93 0.93 1.0 1.0 1.0 1.0 1.0 1.0 1.0 1.0 1.0 1.0 1.0 0 1.0 1.0 0 1.0 1.0 1.0 1.0 1.0 1.0 1.0 1.0 1.0 1.0 1.0 1.0 1.0 0.99 0.99 0 0.99 0.99 0.99 0.99 
1.0 0.99 1.0 1.0 1.0 1.0 0.99 1.0 1.0 0 0 0 0 0 0 0.99 0.99 0 0.99 0.99 0 0 0 0 1.0 0.99 0 1.0 1.0 0.99 0 0 0 0 0.99 1.0 0.99 1.0 1.0 0 1.0 0.99 1.0 0.99 0 0 0.63 0.66 1.0 1.0 1.0 0 0 0 0 0 0 0 0 0.62 0.69 0.65 0.63 0 0.58 0 0 0 0 0 0.7 0 0 0.64 0.69 0.69 0.63 0.64 0 0 0 0 0 0 0 0 0 0 0 0 0 0 0 0 0 0 0 0 0 0 0 0 0 0 0 0 0 0 1.0 1.0 1.0 0.99 0.99 0 0 1.0 1.0 1.0 0.99 0.59 0.96 0.97 0.95 0.99 0.99 1.0 0.99 0 0 0 0 0 0 0 0 0.99 0.99 0.91 0 0.88 0.93 0.93 0.7 0.66 0.65 0.66 0.65 0.6 0.6 0.64 0.69 0.59 0.56 0 0.64 0.62 0 0.62 0.62 0.58 0.64 0.61 0.61 0.67 0.61 0.56 0.63 0.67 0.62 0.97 0.96 0.96 0 0.96 0.96 0.97 0.97 
1.0 1.0 1.0 1.0 1.0 1.0 1.0 1.0 1.0 0 0 0 0 0 0 1.0 1.0 0 1.0 1.0 0 0 0 0 1.0 1.0 0 1.0 1.0 1.0 0 0 0 0 1.0 1.0 1.0 1.0 1.0 0 1.0 1.0 1.0 1.0 0 0 1.0 1.0 1.0 1.0 1.0 0 0 0 0 0 0 0 0 1.0 1.0 1.0 1.0 0 1.0 0 0 0 0 0 1.0 0 0 1.0 1.0 1.0 1.0 1.0 0 0 0 0 0 0 0 0 0 0 0 0 0 0 0 0 0 0 0 0 0 0 0 0 0 0 0 0 0 0 1.0 1.0 1.0 1.0 1.0 0 0 1.0 1.0 1.0 1.0 1.0 0.95 0.97 0.98 1.0 1.0 1.0 1.0 0 0 0 0 0 0 0 0 1.0 1.0 0.88 0 0.91 0.87 0.89 1.0 1.0 1.0 1.0 1.0 1.0 1.0 1.0 1.0 1.0 1.0 0 1.0 1.0 0 1.0 1.0 1.0 1.0 1.0 1.0 1.0 1.0 1.0 1.0 1.0 1.0 0.98 0.96 0.97 0 0.97 0.97 0.96 0.97 
1.0 1.0 1.0 1.0 1.0 1.0 1.0 1.0 1.0 0 0 0 0 0 0 1.0 1.0 0 1.0 1.0 0 0 0 0 1.0 1.0 0 1.0 1.0 1.0 0 0 0 0 1.0 1.0 1.0 1.0 1.0 0 1.0 1.0 1.0 1.0 0 0 0.99 0.99 1.0 1.0 1.0 0 0 0 0 0 0 0 0 0.99 0.99 0.99 0.99 0 0.99 0 0 0 0 0 0.99 0 0 0.99 0.99 0.99 0.99 0.99 0 0 0 0 0 0 0 0 0 0 0 0 0 0 0 0 0 0 0 0 0 0 0 0 0 0 0 0 0 0 1.0 1.0 1.0 1.0 1.0 0 0 1.0 1.0 1.0 1.0 0.99 0.96 0.95 0.95 1.0 1.0 1.0 1.0 0 0 0 0 0 0 0 0 1.0 1.0 0.88 0 0.86 0.9 0.88 0.99 0.99 0.99 0.99 0.99 0.99 0.99 0.99 0.99 0.99 0.99 0 0.99 0.99 0 0.99 0.99 0.99 0.99 0.99 0.99 0.99 0.99 0.99 0.99 0.99 0.99 0.96 0.96 0.97 0 0.95 0.96 0.97 0.96 
1.0 1.0 1.0 1.0 1.0 1.0 1.0 1.0 1.0 0 0 0 0 0 0 1.0 1.0 0 1.0 1.0 0 0 0 0 1.0 1.0 0 1.0 1.0 1.0 0 0 0 0 1.0 1.0 1.0 1.0 1.0 0 1.0 1.0 1.0 1.0 0 0 1.0 1.0 1.0 1.0 1.0 0 0 0 0 0 0 0 0 1.0 1.0 1.0 1.0 0 1.0 0 0 0 0 0 1.0 0 0 1.0 1.0 1.0 1.0 1.0 0 0 0 0 0 0 0 0 0 0 0 0 0 0 0 0 0 0 0 0 0 0 0 0 0 0 0 0 0 0 1.0 1.0 1.0 1.0 1.0 0 0 1.0 1.0 1.0 1.0 1.0 0.97 0.97 0.97 1.0 1.0 1.0 1.0 0 0 0 0 0 0 0 0 1.0 1.0 0.87 0 0.89 0.91 0.88 1.0 1.0 1.0 1.0 1.0 1.0 1.0 1.0 1.0 1.0 1.0 0 1.0 1.0 0 1.0 1.0 1.0 1.0 1.0 1.0 1.0 1.0 1.0 1.0 1.0 1.0 0.98 0.97 0.97 0 0.98 0.96 0.97 0.97 
1.0 1.0 1.0 1.0 1.0 1.0 1.0 1.0 1.0 0 0 0 0 0 0 1.0 1.0 0 1.0 1.0 0 0 0 0 1.0 1.0 0 1.0 1.0 1.0 0 0 0 0 1.0 1.0 1.0 1.0 1.0 0 1.0 1.0 1.0 1.0 0 0 0.94 0.95 1.0 1.0 1.0 0 0 0 0 0 0 0 0 0.93 0.94 0.94 0.96 0 0.95 0 0 0 0 0 0.95 0 0 0.94 0.95 0.95 0.95 0.95 0 0 0 0 0 0 0 0 0 0 0 0 0 0 0 0 0 0 0 0 0 0 0 0 0 0 0 0 0 0 1.0 1.0 1.0 1.0 1.0 0 0 1.0 1.0 1.0 1.0 0.96 0.96 0.96 0.97 1.0 1.0 1.0 1.0 0 0 0 0 0 0 0 0 1.0 1.0 0.92 0 0.92 0.94 0.94 0.94 0.94 0.95 0.94 0.95 0.95 0.92 0.94 0.94 0.96 0.94 0 0.95 0.96 0 0.93 0.95 0.96 0.92 0.95 0.96 0.95 0.94 0.95 0.94 0.92 0.96 0.96 0.96 0.97 0 0.96 0.96 0.97 0.97 
1.0 1.0 1.0 1.0 1.0 1.0 1.0 1.0 1.0 0 0 0 0 0 0 1.0 1.0 0 1.0 1.0 0 0 0 0 1.0 1.0 0 1.0 1.0 1.0 0 0 0 0 1.0 1.0 1.0 1.0 1.0 0 1.0 1.0 1.0 1.0 0 0 1.0 1.0 1.0 1.0 1.0 0 0 0 0 0 0 0 0 1.0 1.0 1.0 1.0 0 1.0 0 0 0 0 0 1.0 0 0 1.0 1.0 1.0 1.0 1.0 0 0 0 0 0 0 0 0 0 0 0 0 0 0 0 0 0 0 0 0 0 0 0 0 0 0 0 0 0 0 1.0 1.0 1.0 1.0 1.0 0 0 1.0 1.0 1.0 1.0 1.0 0.99 0.99 0.99 1.0 1.0 1.0 1.0 0 0 0 0 0 0 0 0 1.0 1.0 0.94 0 0.94 0.93 0.94 1.0 1.0 1.0 1.0 1.0 1.0 1.0 1.0 1.0 1.0 1.0 0 1.0 1.0 0 1.0 1.0 1.0 1.0 1.0 1.0 1.0 1.0 1.0 1.0 1.0 1.0 0.99 0.99 0.99 0 0.99 0.99 0.99 0.99 
1.0 1.0 1.0 1.0 1.0 1.0 1.0 1.0 1.0 0 0 0 0 0 0 1.0 1.0 0 1.0 1.0 0 0 0 0 1.0 1.0 0 1.0 1.0 1.0 0 0 0 0 1.0 1.0 1.0 1.0 1.0 0 1.0 1.0 1.0 1.0 0 0 1.0 1.0 1.0 1.0 1.0 0 0 0 0 0 0 0 0 1.0 1.0 1.0 1.0 0 1.0 0 0 0 0 0 1.0 0 0 1.0 1.0 1.0 1.0 1.0 0 0 0 0 0 0 0 0 0 0 0 0 0 0 0 0 0 0 0 0 0 0 0 0 0 0 0 0 0 0 1.0 1.0 1.0 1.0 1.0 0 0 1.0 1.0 1.0 1.0 1.0 0.95 0.96 0.97 1.0 1.0 1.0 1.0 0 0 0 0 0 0 0 0 1.0 1.0 0.85 0 0.84 0.82 0.84 1.0 1.0 1.0 1.0 1.0 1.0 1.0 1.0 1.0 1.0 1.0 0 1.0 1.0 0 1.0 1.0 1.0 1.0 1.0 1.0 1.0 1.0 1.0 1.0 1.0 1.0 0.95 0.97 0.96 0 0.97 0.97 0.95 0.95 
1.0 1.0 1.0 1.0 1.0 1.0 1.0 1.0 1.0 0 0 0 0 0 0 1.0 1.0 0 1.0 1.0 0 0 0 0 1.0 1.0 0 1.0 1.0 1.0 0 0 0 0 1.0 1.0 1.0 1.0 1.0 0 1.0 1.0 1.0 1.0 0 0 1.0 1.0 1.0 1.0 1.0 0 0 0 0 0 0 0 0 1.0 1.0 1.0 1.0 0 1.0 0 0 0 0 0 1.0 0 0 1.0 1.0 1.0 1.0 1.0 0 0 0 0 0 0 0 0 0 0 0 0 0 0 0 0 0 0 0 0 0 0 0 0 0 0 0 0 0 0 1.0 1.0 1.0 1.0 1.0 0 0 1.0 1.0 1.0 1.0 1.0 0.98 0.98 0.99 1.0 1.0 1.0 1.0 0 0 0 0 0 0 0 0 1.0 1.0 0.91 0 0.91 0.9 0.92 1.0 1.0 1.0 1.0 1.0 1.0 1.0 1.0 1.0 1.0 1.0 0 1.0 1.0 0 1.0 1.0 1.0 1.0 1.0 1.0 1.0 1.0 1.0 1.0 1.0 1.0 0.98 0.97 0.97 0 0.98 0.98 0.98 0.98 
1.0 1.0 1.0 1.0 1.0 1.0 1.0 1.0 1.0 0 0 0 0 0 0 1.0 1.0 0 1.0 1.0 0 0 0 0 1.0 1.0 0 1.0 1.0 1.0 0 0 0 0 1.0 1.0 1.0 1.0 1.0 0 1.0 1.0 1.0 1.0 0 0 1.0 1.0 1.0 1.0 1.0 0 0 0 0 0 0 0 0 1.0 1.0 1.0 1.0 0 1.0 0 0 0 0 0 1.0 0 0 1.0 1.0 1.0 1.0 1.0 0 0 0 0 0 0 0 0 0 0 0 0 0 0 0 0 0 0 0 0 0 0 0 0 0 0 0 0 0 0 1.0 1.0 1.0 1.0 1.0 0 0 1.0 1.0 1.0 1.0 1.0 0.99 0.99 0.99 1.0 1.0 1.0 1.0 0 0 0 0 0 0 0 0 1.0 1.0 0.92 0 0.92 0.92 0.92 1.0 1.0 1.0 1.0 1.0 1.0 1.0 1.0 1.0 1.0 1.0 0 1.0 1.0 0 1.0 1.0 1.0 1.0 1.0 1.0 1.0 1.0 1.0 1.0 1.0 1.0 0.99 0.99 0.99 0 0.99 0.99 0.99 0.99 
0.99 0.99 0.99 0.99 0.99 0.99 0.99 0.99 0.99 0 0 0 0 0 0 0.99 0.99 0 0.98 0.99 0 0 0 0 0.99 0.99 0 0.99 0.99 0.99 0 0 0 0 0.98 0.99 0.99 0.99 0.99 0 0.99 0.99 0.99 0.99 0 0 0 0 0.99 0.99 0.99 0 0 0 0 0 0 0 0 0 0 0 0 0 0 0 0 0 0 0 0 0 0 0 0 0 0 0 0 0 0 0 0 0 0 0 0 0 0 0 0 0 0 0 0 0 0 0 0 0 0 0 0 0 0 0 0 0 0.99 0.99 0.99 0.99 0.99 0 0 0.99 0.99 0.99 0.99 0 0.96 0.95 0.97 0.98 0.98 0.99 0.98 0 0 0 0 0 0 0 0 0.99 0.99 0.9 0 0.92 0.92 0.92 0 0 0 0 0 0 0 0 0 0 0 0 0 0 0 0 0 0 0 0 0 0 0 0 0 0 0 0.95 0.97 0.96 0 0.96 0.96 0.95 0.98 
1.0 1.0 1.0 1.0 1.0 1.0 1.0 1.0 1.0 0 0 0 0 0 0 1.0 1.0 0 1.0 1.0 0 0 0 0 1.0 1.0 0 1.0 1.0 1.0 0 0 0 0 1.0 1.0 1.0 1.0 1.0 0 1.0 1.0 1.0 1.0 0 0 1.0 1.0 1.0 1.0 1.0 0 0 0 0 0 0 0 0 1.0 1.0 1.0 1.0 0 1.0 0 0 0 0 0 1.0 0 0 1.0 1.0 1.0 1.0 1.0 0 0 0 0 0 0 0 0 0 0 0 0 0 0 0 0 0 0 0 0 0 0 0 0 0 0 0 0 0 0 1.0 1.0 1.0 1.0 1.0 0 0 1.0 1.0 1.0 1.0 1.0 0.97 0.96 0.97 1.0 1.0 1.0 1.0 0 0 0 0 0 0 0 0 1.0 1.0 0.86 0 0.82 0.89 0.85 1.0 1.0 1.0 1.0 1.0 1.0 1.0 1.0 1.0 1.0 1.0 0 1.0 1.0 0 1.0 1.0 1.0 1.0 1.0 1.0 1.0 1.0 1.0 1.0 1.0 1.0 0.97 0.96 0.95 0 0.96 0.95 0.96 0.97 
1.0 1.0 1.0 1.0 1.0 1.0 1.0 1.0 1.0 0 0 0 0 0 0 1.0 1.0 0 1.0 1.0 0 0 0 0 1.0 1.0 0 1.0 1.0 1.0 0 0 0 0 1.0 1.0 1.0 1.0 1.0 0 1.0 1.0 1.0 1.0 0 0 0 0 1.0 1.0 1.0 0 0 0 0 0 0 0 0 0 0 0 0 0 0 0 0 0 0 0 0 0 0 0 0 0 0 0 0 0 0 0 0 0 0 0 0 0 0 0 0 0 0 0 0 0 0 0 0 0 0 0 0 0 0 0 0 0 1.0 1.0 1.0 1.0 1.0 0 0 1.0 1.0 1.0 1.0 0 1.0 0.99 1.0 1.0 1.0 1.0 1.0 0 0 0 0 0 0 0 0 1.0 1.0 0.99 0 0.98 0.99 0.99 0 0 0 0 0 0 0 0 0 0 0 0 0 0 0 0 0 0 0 0 0 0 0 0 0 0 0 0.99 1.0 1.0 0 1.0 0.99 1.0 1.0 
1.0 1.0 1.0 1.0 1.0 1.0 1.0 1.0 1.0 0 0 0 0 0 0 1.0 1.0 0 1.0 1.0 0 0 0 0 1.0 1.0 0 1.0 1.0 1.0 0 0 0 0 1.0 1.0 1.0 1.0 1.0 0 1.0 1.0 1.0 1.0 0 0 0.99 1.0 1.0 1.0 1.0 0 0 0 0 0 0 0 0 0.99 0.99 0.99 0.99 0 0.99 0 0 0 0 0 0.99 0 0 0.99 0.99 0.99 0.99 0.98 0 0 0 0 0 0 0 0 0 0 0 0 0 0 0 0 0 0 0 0 0 0 0 0 0 0 0 0 0 0 1.0 1.0 1.0 1.0 1.0 0 0 1.0 1.0 1.0 1.0 0.99 0.94 0.94 0.93 1.0 1.0 1.0 1.0 0 0 0 0 0 0 0 0 1.0 1.0 0.84 0 0.82 0.88 0.86 0.99 0.99 0.99 0.99 0.99 0.99 0.99 0.99 0.99 0.99 0.99 0 0.99 0.99 0 0.99 0.99 0.99 0.99 0.99 0.99 0.99 0.99 0.99 0.99 0.99 0.99 0.95 0.95 0.94 0 0.95 0.95 0.95 0.93 
1.0 1.0 1.0 1.0 1.0 1.0 1.0 1.0 1.0 0 0 0 0 0 0 1.0 1.0 0 1.0 1.0 0 0 0 0 1.0 1.0 0 1.0 1.0 1.0 0 0 0 0 1.0 1.0 1.0 1.0 1.0 0 1.0 1.0 1.0 1.0 0 0 0.99 1.0 1.0 1.0 1.0 0 0 0 0 0 0 0 0 0.99 1.0 1.0 1.0 0 0.99 0 0 0 0 0 0.99 0 0 1.0 1.0 1.0 1.0 1.0 0 0 0 0 0 0 0 0 0 0 0 0 0 0 0 0 0 0 0 0 0 0 0 0 0 0 0 0 0 0 1.0 1.0 1.0 1.0 1.0 0 0 1.0 1.0 1.0 1.0 0.99 0.96 0.96 0.96 1.0 1.0 1.0 1.0 0 0 0 0 0 0 0 0 1.0 1.0 0.85 0 0.88 0.87 0.87 0.99 1.0 0.99 1.0 1.0 1.0 0.99 1.0 1.0 0.99 0.99 0 0.99 1.0 0 1.0 1.0 1.0 1.0 1.0 1.0 0.99 1.0 1.0 0.99 0.99 1.0 0.96 0.96 0.97 0 0.97 0.97 0.94 0.97 
1.0 1.0 1.0 1.0 1.0 1.0 1.0 1.0 1.0 0 0 0 0 0 0 1.0 1.0 0 1.0 1.0 0 0 0 0 1.0 1.0 0 1.0 1.0 1.0 0 0 0 0 1.0 1.0 1.0 1.0 1.0 0 1.0 1.0 1.0 1.0 0 0 1.0 1.0 1.0 1.0 1.0 0 0 0 0 0 0 0 0 1.0 1.0 1.0 1.0 0 1.0 0 0 0 0 0 1.0 0 0 1.0 1.0 1.0 1.0 1.0 0 0 0 0 0 0 0 0 0 0 0 0 0 0 0 0 0 0 0 0 0 0 0 0 0 0 0 0 0 0 1.0 1.0 1.0 1.0 1.0 0 0 1.0 1.0 1.0 1.0 1.0 0.96 0.94 0.93 1.0 1.0 1.0 1.0 0 0 0 0 0 0 0 0 1.0 1.0 0.84 0 0.82 0.87 0.85 1.0 1.0 1.0 1.0 1.0 1.0 1.0 1.0 1.0 1.0 1.0 0 1.0 1.0 0 1.0 1.0 1.0 1.0 1.0 1.0 1.0 1.0 1.0 1.0 1.0 1.0 0.94 0.94 0.95 0 0.95 0.96 0.95 0.95 
1.0 1.0 1.0 1.0 1.0 1.0 1.0 1.0 1.0 0 0 0 0 0 0 1.0 1.0 0 1.0 1.0 0 0 0 0 1.0 1.0 0 1.0 1.0 1.0 0 0 0 0 1.0 1.0 1.0 1.0 1.0 0 1.0 1.0 1.0 1.0 0 0 1.0 1.0 1.0 1.0 1.0 0 0 0 0 0 0 0 0 1.0 1.0 1.0 1.0 0 1.0 0 0 0 0 0 1.0 0 0 1.0 1.0 1.0 1.0 1.0 0 0 0 0 0 0 0 0 0 0 0 0 0 0 0 0 0 0 0 0 0 0 0 0 0 0 0 0 0 0 1.0 1.0 1.0 1.0 1.0 0 0 1.0 1.0 1.0 1.0 1.0 1.0 0.99 1.0 1.0 1.0 1.0 1.0 0 0 0 0 0 0 0 0 1.0 1.0 0.96 0 0.96 0.95 0.94 1.0 1.0 1.0 1.0 1.0 1.0 1.0 1.0 1.0 1.0 1.0 0 1.0 1.0 0 1.0 1.0 1.0 1.0 1.0 1.0 1.0 1.0 1.0 1.0 1.0 1.0 1.0 0.99 1.0 0 1.0 1.0 1.0 1.0 
1.0 1.0 1.0 1.0 1.0 1.0 1.0 1.0 1.0 0 0 0 0 0 0 1.0 1.0 0 1.0 1.0 0 0 0 0 1.0 1.0 0 1.0 1.0 1.0 0 0 0 0 1.0 1.0 1.0 1.0 1.0 0 1.0 1.0 1.0 1.0 0 0 1.0 1.0 1.0 1.0 1.0 0 0 0 0 0 0 0 0 1.0 1.0 1.0 1.0 0 1.0 0 0 0 0 0 1.0 0 0 1.0 1.0 1.0 1.0 1.0 0 0 0 0 0 0 0 0 0 0 0 0 0 0 0 0 0 0 0 0 0 0 0 0 0 0 0 0 0 0 1.0 1.0 1.0 1.0 1.0 0 0 1.0 1.0 1.0 1.0 1.0 0.97 0.98 0.98 1.0 1.0 1.0 1.0 0 0 0 0 0 0 0 0 1.0 1.0 0.89 0 0.9 0.9 0.9 1.0 1.0 1.0 1.0 1.0 1.0 1.0 1.0 1.0 1.0 1.0 0 1.0 1.0 0 1.0 1.0 1.0 1.0 1.0 1.0 1.0 1.0 1.0 1.0 1.0 1.0 0.98 0.97 0.96 0 0.97 0.96 0.96 0.98 
0.99 0.99 0.99 0.99 0.99 0.99 0.99 0.99 0.99 0 0 0 0 0 0 0.98 0.99 0 0.98 0.99 0 0 0 0 0.99 0.99 0 0.99 0.99 0.99 0 0 0 0 0.99 0.99 0.99 0.99 0.99 0 0.99 0.98 0.99 0.98 0 0 0 0 0.99 0.99 0.99 0 0 0 0 0 0 0 0 0 0 0 0 0 0 0 0 0 0 0 0 0 0 0 0 0 0 0 0 0 0 0 0 0 0 0 0 0 0 0 0 0 0 0 0 0 0 0 0 0 0 0 0 0 0 0 0 0 0.99 0.99 0.99 0.98 0.99 0 0 0.99 0.99 0.99 0.99 0 0.96 0.96 0.97 0.99 0.98 0.99 0.98 0 0 0 0 0 0 0 0 0.99 0.99 0.93 0 0.91 0.94 0.93 0 0 0 0 0 0 0 0 0 0 0 0 0 0 0 0 0 0 0 0 0 0 0 0 0 0 0 0.96 0.96 0.96 0 0.97 0.95 0.96 0.98 
1.0 1.0 1.0 1.0 1.0 1.0 1.0 1.0 1.0 0 0 0 0 0 0 1.0 1.0 0 1.0 1.0 0 0 0 0 1.0 1.0 0 1.0 1.0 1.0 0 0 0 0 1.0 1.0 1.0 1.0 1.0 0 1.0 1.0 1.0 1.0 0 0 0.99 0.99 1.0 1.0 1.0 0 0 0 0 0 0 0 0 0.98 0.99 0.99 0.99 0 0.98 0 0 0 0 0 0.99 0 0 0.99 0.99 0.99 0.99 0.99 0 0 0 0 0 0 0 0 0 0 0 0 0 0 0 0 0 0 0 0 0 0 0 0 0 0 0 0 0 0 1.0 1.0 1.0 1.0 1.0 0 0 1.0 1.0 1.0 1.0 0.98 0.94 0.96 0.96 1.0 1.0 1.0 1.0 0 0 0 0 0 0 0 0 1.0 1.0 0.86 0 0.87 0.91 0.87 0.99 0.99 0.99 0.99 0.99 0.99 0.99 0.99 0.99 0.99 0.98 0 0.99 0.99 0 0.99 0.99 0.99 0.99 0.99 0.99 0.99 0.98 0.99 0.98 0.99 0.99 0.94 0.96 0.97 0 0.95 0.94 0.94 0.96 
1.0 1.0 1.0 1.0 1.0 1.0 1.0 1.0 1.0 0 0 0 0 0 0 1.0 1.0 0 1.0 1.0 0 0 0 0 1.0 1.0 0 1.0 1.0 1.0 0 0 0 0 1.0 1.0 1.0 1.0 1.0 0 1.0 1.0 1.0 1.0 0 0 1.0 1.0 1.0 1.0 1.0 0 0 0 0 0 0 0 0 1.0 1.0 1.0 1.0 0 1.0 0 0 0 0 0 1.0 0 0 1.0 1.0 1.0 1.0 1.0 0 0 0 0 0 0 0 0 0 0 0 0 0 0 0 0 0 0 0 0 0 0 0 0 0 0 0 0 0 0 1.0 1.0 1.0 1.0 1.0 0 0 1.0 1.0 1.0 1.0 1.0 0.92 0.93 0.95 1.0 1.0 1.0 1.0 0 0 0 0 0 0 0 0 1.0 1.0 0.82 0 0.78 0.77 0.78 1.0 1.0 1.0 1.0 1.0 1.0 1.0 1.0 1.0 1.0 1.0 0 1.0 1.0 0 1.0 1.0 1.0 1.0 1.0 1.0 1.0 1.0 1.0 1.0 1.0 1.0 0.93 0.92 0.94 0 0.92 0.94 0.95 0.91 
0.99 0.99 0.99 0.99 0.99 0.99 0.99 0.99 0.99 0 0 0 0 0 0 0.99 0.98 0 0.98 0.99 0 0 0 0 0.99 0.99 0 0.99 0.99 0.99 0 0 0 0 0.99 0.99 0.99 0.99 0.99 0 0.99 0.99 0.99 0.99 0 0 0.97 0.96 0.99 0.99 0.99 0 0 0 0 0 0 0 0 0.95 0.97 0.97 0.97 0 0.96 0 0 0 0 0 0.96 0 0 0.97 0.97 0.97 0.97 0.96 0 0 0 0 0 0 0 0 0 0 0 0 0 0 0 0 0 0 0 0 0 0 0 0 0 0 0 0 0 0 0.99 0.99 0.99 0.99 0.99 0 0 0.99 0.99 0.99 0.99 0.95 0.89 0.91 0.92 0.99 0.99 0.99 0.99 0 0 0 0 0 0 0 0 0.99 0.99 0.78 0 0.77 0.79 0.8 0.95 0.97 0.96 0.97 0.96 0.97 0.96 0.97 0.97 0.96 0.94 0 0.95 0.96 0 0.97 0.97 0.97 0.97 0.96 0.97 0.97 0.96 0.97 0.95 0.97 0.97 0.89 0.91 0.92 0 0.9 0.92 0.87 0.92 
1.0 0.99 1.0 1.0 1.0 1.0 1.0 1.0 1.0 0 0 0 0 0 0 1.0 0.99 0 0.99 1.0 0 0 0 0 0.99 1.0 0 1.0 1.0 1.0 0 0 0 0 1.0 0.99 0.99 1.0 1.0 0 1.0 1.0 1.0 1.0 0 0 0.98 0.98 1.0 1.0 1.0 0 0 0 0 0 0 0 0 0.98 0.98 0.99 0.98 0 0.98 0 0 0 0 0 0.98 0 0 0.98 0.98 0.98 0.97 0.98 0 0 0 0 0 0 0 0 0 0 0 0 0 0 0 0 0 0 0 0 0 0 0 0 0 0 0 0 0 0 1.0 1.0 0.99 1.0 0.99 0 0 1.0 0.99 1.0 1.0 0.97 0.91 0.94 0.92 1.0 0.99 1.0 1.0 0 0 0 0 0 0 0 0 0.99 0.99 0.82 0 0.81 0.84 0.84 0.98 0.98 0.98 0.98 0.98 0.98 0.98 0.98 0.98 0.98 0.97 0 0.98 0.98 0 0.98 0.98 0.98 0.98 0.98 0.98 0.98 0.98 0.97 0.98 0.98 0.99 0.92 0.92 0.9 0 0.91 0.91 0.9 0.93 
1.0 1.0 1.0 1.0 1.0 1.0 1.0 1.0 1.0 0 0 0 0 0 0 1.0 1.0 0 1.0 1.0 0 0 0 0 1.0 1.0 0 1.0 1.0 1.0 0 0 0 0 1.0 1.0 1.0 1.0 1.0 0 1.0 1.0 1.0 1.0 0 0 1.0 1.0 1.0 1.0 1.0 0 0 0 0 0 0 0 0 1.0 1.0 1.0 1.0 0 1.0 0 0 0 0 0 1.0 0 0 1.0 1.0 1.0 1.0 1.0 0 0 0 0 0 0 0 0 0 0 0 0 0 0 0 0 0 0 0 0 0 0 0 0 0 0 0 0 0 0 1.0 1.0 1.0 1.0 1.0 0 0 1.0 1.0 1.0 1.0 1.0 0.97 0.97 0.97 1.0 1.0 1.0 1.0 0 0 0 0 0 0 0 0 1.0 1.0 0.91 0 0.91 0.92 0.91 1.0 1.0 1.0 1.0 1.0 1.0 1.0 1.0 1.0 1.0 1.0 0 1.0 1.0 0 1.0 1.0 1.0 1.0 1.0 1.0 1.0 1.0 1.0 1.0 1.0 1.0 0.98 0.98 0.98 0 0.97 0.97 0.98 0.97 
1.0 0.99 1.0 0.99 1.0 1.0 1.0 0.99 1.0 0 0 0 0 0 0 0.99 0.99 0 0.99 0.99 0 0 0 0 1.0 0.99 0 1.0 1.0 1.0 0 0 0 0 1.0 1.0 1.0 1.0 1.0 0 1.0 0.99 0.99 0.99 0 0 0 0 1.0 1.0 1.0 0 0 0 0 0 0 0 0 0 0 0 0 0 0 0 0 0 0 0 0 0 0 0 0 0 0 0 0 0 0 0 0 0 0 0 0 0 0 0 0 0 0 0 0 0 0 0 0 0 0 0 0 0 0 0 0 0 0.99 1.0 1.0 0.99 0.99 0 0 1.0 0.99 1.0 1.0 0 0.98 0.97 0.98 1.0 0.99 1.0 0.99 0 0 0 0 0 0 0 0 0.99 1.0 0.96 0 0.94 0.96 0.96 0 0 0 0 0 0 0 0 0 0 0 0 0 0 0 0 0 0 0 0 0 0 0 0 0 0 0 0.98 0.98 0.98 0 0.98 0.97 0.98 0.99 
1.0 1.0 1.0 1.0 1.0 1.0 1.0 1.0 1.0 0 0 0 0 0 0 1.0 1.0 0 1.0 1.0 0 0 0 0 1.0 1.0 0 1.0 1.0 1.0 0 0 0 0 1.0 1.0 1.0 1.0 1.0 0 1.0 1.0 1.0 1.0 0 0 1.0 1.0 1.0 1.0 1.0 0 0 0 0 0 0 0 0 1.0 1.0 1.0 1.0 0 1.0 0 0 0 0 0 1.0 0 0 1.0 1.0 1.0 1.0 1.0 0 0 0 0 0 0 0 0 0 0 0 0 0 0 0 0 0 0 0 0 0 0 0 0 0 0 0 0 0 0 1.0 1.0 1.0 1.0 1.0 0 0 1.0 1.0 1.0 1.0 1.0 0.99 0.97 0.98 1.0 1.0 1.0 1.0 0 0 0 0 0 0 0 0 1.0 1.0 0.94 0 0.93 0.95 0.94 1.0 1.0 1.0 1.0 1.0 1.0 1.0 1.0 1.0 1.0 1.0 0 1.0 1.0 0 1.0 1.0 1.0 1.0 1.0 1.0 1.0 1.0 1.0 1.0 1.0 1.0 0.98 0.98 0.99 0 0.98 0.98 0.99 0.99 
1.0 1.0 1.0 1.0 1.0 1.0 1.0 1.0 1.0 0 0 0 0 0 0 1.0 1.0 0 1.0 1.0 0 0 0 0 1.0 1.0 0 1.0 1.0 1.0 0 0 0 0 1.0 1.0 1.0 1.0 1.0 0 1.0 1.0 1.0 1.0 0 0 1.0 1.0 1.0 1.0 1.0 0 0 0 0 0 0 0 0 1.0 1.0 1.0 1.0 0 1.0 0 0 0 0 0 1.0 0 0 1.0 1.0 1.0 1.0 1.0 0 0 0 0 0 0 0 0 0 0 0 0 0 0 0 0 0 0 0 0 0 0 0 0 0 0 0 0 0 0 1.0 1.0 1.0 1.0 1.0 0 0 1.0 1.0 1.0 1.0 1.0 1.0 0.99 0.99 1.0 1.0 1.0 1.0 0 0 0 0 0 0 0 0 1.0 1.0 0.94 0 0.95 0.92 0.94 1.0 1.0 1.0 1.0 1.0 1.0 1.0 1.0 1.0 1.0 1.0 0 1.0 1.0 0 1.0 1.0 1.0 1.0 1.0 1.0 1.0 1.0 1.0 1.0 1.0 1.0 1.0 1.0 1.0 0 1.0 1.0 1.0 0.99 
0.98 0.97 0.99 0.97 0.98 0.98 0.98 0.98 0.98 0 0 0 0 0 0 0.98 0.97 0 0.95 0.98 0 0 0 0 0.97 0.97 0 0.98 0.98 0.98 0 0 0 0 0.98 0.98 0.98 0.98 0.99 0 0.98 0.97 0.98 0.98 0 0 0.79 0.74 0.99 0.99 0.98 0 0 0 0 0 0 0 0 0.74 0.8 0.84 0.83 0 0.78 0 0 0 0 0 0.83 0 0 0.8 0.75 0.78 0.76 0.81 0 0 0 0 0 0 0 0 0 0 0 0 0 0 0 0 0 0 0 0 0 0 0 0 0 0 0 0 0 0 0.98 0.98 0.98 0.98 0.97 0 0 0.98 0.97 0.98 0.98 0.73 0.89 0.91 0.94 0.97 0.97 0.97 0.98 0 0 0 0 0 0 0 0 0.98 0.97 0.84 0 0.82 0.86 0.85 0.82 0.77 0.76 0.78 0.8 0.82 0.75 0.75 0.8 0.83 0.71 0 0.83 0.82 0 0.86 0.81 0.84 0.8 0.83 0.83 0.78 0.76 0.77 0.73 0.81 0.83 0.9 0.91 0.88 0 0.87 0.88 0.88 0.94 
1.0 1.0 1.0 1.0 1.0 1.0 1.0 1.0 1.0 0 0 0 0 0 0 1.0 1.0 0 1.0 1.0 0 0 0 0 1.0 1.0 0 1.0 1.0 1.0 0 0 0 0 1.0 1.0 1.0 1.0 1.0 0 1.0 1.0 1.0 1.0 0 0 0.99 0.99 1.0 1.0 1.0 0 0 0 0 0 0 0 0 0.99 0.99 0.99 0.99 0 0.99 0 0 0 0 0 0.99 0 0 0.99 0.99 0.99 0.99 0.99 0 0 0 0 0 0 0 0 0 0 0 0 0 0 0 0 0 0 0 0 0 0 0 0 0 0 0 0 0 0 1.0 1.0 1.0 1.0 1.0 0 0 1.0 1.0 1.0 1.0 0.99 0.98 0.99 0.98 1.0 1.0 1.0 1.0 0 0 0 0 0 0 0 0 1.0 1.0 0.95 0 0.92 0.97 0.96 0.99 0.99 0.99 0.99 0.99 0.99 0.99 0.99 0.99 0.99 0.99 0 0.99 0.99 0 0.99 0.99 0.99 0.99 0.99 0.99 0.99 0.99 0.99 0.99 0.99 0.99 0.99 0.99 0.98 0 0.98 0.98 0.99 0.98 
1.0 0.99 1.0 0.99 1.0 1.0 1.0 1.0 1.0 0 0 0 0 0 0 1.0 1.0 0 1.0 1.0 0 0 0 0 1.0 1.0 0 1.0 1.0 1.0 0 0 0 0 1.0 1.0 0.99 1.0 1.0 0 1.0 0.99 1.0 0.99 0 0 0.68 0.71 1.0 1.0 1.0 0 0 0 0 0 0 0 0 0.73 0.69 0.66 0.72 0 0.69 0 0 0 0 0 0.71 0 0 0.73 0.71 0.74 0.73 0.74 0 0 0 0 0 0 0 0 0 0 0 0 0 0 0 0 0 0 0 0 0 0 0 0 0 0 0 0 0 0 1.0 1.0 1.0 1.0 1.0 0 0 1.0 1.0 1.0 1.0 0.76 0.97 0.97 0.97 1.0 0.99 1.0 1.0 0 0 0 0 0 0 0 0 1.0 1.0 0.92 0 0.91 0.92 0.94 0.73 0.72 0.69 0.74 0.68 0.7 0.73 0.71 0.74 0.7 0.75 0 0.7 0.7 0 0.68 0.77 0.72 0.72 0.7 0.73 0.69 0.74 0.74 0.74 0.69 0.7 0.97 0.97 0.97 0 0.97 0.97 0.97 0.98 
1.0 1.0 1.0 1.0 1.0 1.0 1.0 1.0 1.0 0 0 0 0 0 0 1.0 1.0 0 1.0 1.0 0 0 0 0 1.0 1.0 0 1.0 1.0 1.0 0 0 0 0 1.0 1.0 1.0 1.0 1.0 0 1.0 1.0 1.0 1.0 0 0 1.0 1.0 1.0 1.0 1.0 0 0 0 0 0 0 0 0 1.0 1.0 1.0 1.0 0 1.0 0 0 0 0 0 1.0 0 0 1.0 1.0 1.0 1.0 1.0 0 0 0 0 0 0 0 0 0 0 0 0 0 0 0 0 0 0 0 0 0 0 0 0 0 0 0 0 0 0 1.0 1.0 1.0 1.0 1.0 0 0 1.0 1.0 1.0 1.0 1.0 0.97 0.97 0.98 1.0 1.0 1.0 1.0 0 0 0 0 0 0 0 0 1.0 1.0 0.86 0 0.87 0.83 0.82 1.0 1.0 1.0 1.0 1.0 1.0 1.0 1.0 1.0 1.0 1.0 0 1.0 1.0 0 1.0 1.0 1.0 1.0 1.0 1.0 1.0 1.0 1.0 1.0 1.0 1.0 0.97 0.97 0.98 0 0.96 0.97 0.97 0.98 
1.0 1.0 1.0 1.0 1.0 1.0 1.0 1.0 1.0 0 0 0 0 0 0 1.0 1.0 0 1.0 1.0 0 0 0 0 1.0 1.0 0 1.0 1.0 1.0 0 0 0 0 1.0 1.0 1.0 1.0 1.0 0 1.0 1.0 1.0 1.0 0 0 1.0 1.0 1.0 1.0 1.0 0 0 0 0 0 0 0 0 1.0 1.0 1.0 1.0 0 1.0 0 0 0 0 0 1.0 0 0 1.0 1.0 1.0 1.0 1.0 0 0 0 0 0 0 0 0 0 0 0 0 0 0 0 0 0 0 0 0 0 0 0 0 0 0 0 0 0 0 1.0 1.0 1.0 1.0 1.0 0 0 1.0 1.0 1.0 1.0 1.0 0.95 0.96 0.97 1.0 1.0 1.0 1.0 0 0 0 0 0 0 0 0 1.0 1.0 0.87 0 0.86 0.79 0.85 1.0 1.0 1.0 1.0 1.0 1.0 1.0 1.0 1.0 1.0 1.0 0 1.0 1.0 0 1.0 1.0 1.0 1.0 1.0 1.0 1.0 1.0 1.0 1.0 1.0 1.0 0.96 0.96 0.98 0 0.96 0.97 0.96 0.97 
1.0 1.0 1.0 1.0 1.0 1.0 1.0 1.0 1.0 0 0 0 0 0 0 1.0 1.0 0 1.0 1.0 0 0 0 0 1.0 1.0 0 1.0 1.0 1.0 0 0 0 0 1.0 1.0 1.0 1.0 1.0 0 1.0 1.0 1.0 1.0 0 0 1.0 1.0 1.0 1.0 1.0 0 0 0 0 0 0 0 0 1.0 1.0 1.0 1.0 0 1.0 0 0 0 0 0 1.0 0 0 1.0 1.0 1.0 1.0 1.0 0 0 0 0 0 0 0 0 0 0 0 0 0 0 0 0 0 0 0 0 0 0 0 0 0 0 0 0 0 0 1.0 1.0 1.0 1.0 1.0 0 0 1.0 1.0 1.0 1.0 1.0 0.97 0.97 0.97 1.0 1.0 1.0 1.0 0 0 0 0 0 0 0 0 1.0 1.0 0.91 0 0.89 0.93 0.92 1.0 1.0 1.0 1.0 1.0 1.0 1.0 1.0 1.0 1.0 1.0 0 1.0 1.0 0 1.0 1.0 1.0 1.0 1.0 1.0 1.0 1.0 1.0 1.0 1.0 1.0 0.97 0.96 0.97 0 0.96 0.97 0.98 0.96 
0.99 0.99 0.99 0.99 1.0 0.99 0.99 0.99 0.99 0 0 0 0 0 0 0.99 0.98 0 0.99 0.99 0 0 0 0 0.99 0.99 0 1.0 1.0 0.99 0 0 0 0 0.99 0.99 0.99 0.99 0.99 0 1.0 0.99 1.0 0.99 0 0 0 0 0.99 0.99 0.99 0 0 0 0 0 0 0 0 0.52 0 0.54 0.51 0 0.51 0 0 0 0 0 0.63 0 0 0.55 0.55 0 0.5 0.58 0 0 0 0 0 0 0 0 0 0 0 0 0 0 0 0 0 0 0 0 0 0 0 0 0 0 0 0 0 0 0.99 1.0 0.99 0.99 0.99 0 0 0.99 0.99 0.99 0.99 0 0.95 0.95 0.94 0.99 0.99 0.99 0.99 0 0 0 0 0 0 0 0 0.99 0.99 0.9 0 0.9 0.92 0.92 0.59 0.57 0.57 0.55 0.54 0 0 0.53 0.54 0 0 0 0 0 0 0 0.53 0 0.51 0 0.5 0.57 0.5 0 0.53 0.57 0.54 0.95 0.96 0.95 0 0.95 0.94 0.95 0.97 
1.0 0.99 1.0 1.0 1.0 1.0 1.0 1.0 1.0 0 0 0 0 0 0 1.0 1.0 0 1.0 1.0 0 0 0 0 1.0 1.0 0 1.0 1.0 0.99 0 0 0 0 1.0 0.99 1.0 1.0 1.0 0 1.0 1.0 1.0 1.0 0 0 0.99 0.99 1.0 1.0 1.0 0 0 0 0 0 0 0 0 0.99 1.0 1.0 1.0 0 1.0 0 0 0 0 0 0.99 0 0 0.99 0.99 0.99 0.99 1.0 0 0 0 0 0 0 0 0 0 0 0 0 0 0 0 0 0 0 0 0 0 0 0 0 0 0 0 0 0 0 1.0 1.0 1.0 1.0 1.0 0 0 0.99 1.0 1.0 1.0 0.99 0.88 0.89 0.91 1.0 1.0 1.0 1.0 0 0 0 0 0 0 0 0 1.0 0.99 0.8 0 0.77 0.73 0.75 0.99 1.0 0.99 0.99 0.99 0.99 0.99 0.99 0.99 0.99 0.99 0 0.99 0.99 0 0.99 0.99 0.99 0.99 0.99 0.99 0.99 0.99 0.99 1.0 0.99 0.99 0.91 0.89 0.91 0 0.87 0.9 0.88 0.92 
1.0 1.0 1.0 1.0 1.0 1.0 1.0 1.0 1.0 0 0 0 0 0 0 1.0 1.0 0 1.0 1.0 0 0 0 0 1.0 1.0 0 1.0 1.0 1.0 0 0 0 0 1.0 1.0 1.0 1.0 1.0 0 1.0 1.0 1.0 1.0 0 0 1.0 1.0 1.0 1.0 1.0 0 0 0 0 0 0 0 0 1.0 1.0 1.0 1.0 0 1.0 0 0 0 0 0 1.0 0 0 1.0 1.0 1.0 1.0 1.0 0 0 0 0 0 0 0 0 0 0 0 0 0 0 0 0 0 0 0 0 0 0 0 0 0 0 0 0 0 0 1.0 1.0 1.0 1.0 1.0 0 0 1.0 1.0 1.0 1.0 1.0 0.97 0.95 0.97 1.0 1.0 1.0 1.0 0 0 0 0 0 0 0 0 1.0 1.0 0.85 0 0.81 0.85 0.82 1.0 1.0 1.0 1.0 1.0 1.0 1.0 1.0 1.0 1.0 1.0 0 1.0 1.0 0 1.0 1.0 1.0 1.0 1.0 1.0 1.0 1.0 1.0 1.0 1.0 1.0 0.96 0.96 0.96 0 0.94 0.94 0.95 0.97 
